City id,City Name,turn,Infected,Healthy,Dead,Recovered,Actions
0,Hkblkg,0,0.0,1.0,0.0,0.0,"['Cough', 'Cough', 'Cough', 'Cough']"
0,Hkblkg,1,0.0,1.0,0.0,0.0,['Cough']
0,Hkblkg,2,0.0,1.0,0.0,0.0,['Cough']
0,Hkblkg,3,0.0,1.0,0.0,0.0,[]
0,Hkblkg,4,1.0110497628582782e-06,0.9999989889502371,0.0,0.0,['Cough']
0,Hkblkg,5,5.647549755325467e-05,0.9999418969183488,0.0,1.6275840979680914e-06,['Cough']
0,Hkblkg,6,0.003151017608855228,0.996756397902352,0.0,9.258448879281225e-05,[]
0,Hkblkg,7,0.15651784548204897,0.838545724847005,0.0,0.004936429670946107,[]
0,Hkblkg,8,0.1962117634889027,0.797421492935401,0.0,0.006366743575696442,[]
0,Hkblkg,9,0.8852341688049119,0.03274580774887236,0.0,0.08202002344621581,[]
0,Hkblkg,10,0.7871832344449139,0.008233132272860667,0.0,0.2045836332822256,[]
0,Hkblkg,11,0.758142791004552,0.005884738992206657,0.0,0.2359724700032415,[]
0,Hkblkg,12,0.6585599625642392,0.0011132030184271512,0.0,0.3403268344173338,[]
0,Hkblkg,13,0.6279210222033886,0.000799459889636075,0.0,0.3712795179069754,[]
0,Hkblkg,14,0.5428153787915643,0.00031112634730022087,0.0,0.45687349486113565,"['Fatigue', 'Fatigue', 'Fatigue']"
0,Hkblkg,15,0.3887426367731825,0.0002647227218136976,0.12565238941840143,0.48534025108660256,[]
0,Hkblkg,16,0.3247020693539036,0.0002114709905224269,0.17790768508315813,0.497178774572416,[]
0,Hkblkg,17,0.1912843746998312,0.0001316580776876547,0.28674738009382406,0.5218365871286574,['Death']
0,Hkblkg,18,0.13688528146903403,0.00010466905194945393,0.333935880868364,0.5290741686106528,['Cough']
0,Hkblkg,19,0.05374292016569909,7.085697081227152e-05,0.405920853853797,0.540265369009692,[]
1,Mabmp,0,0.0,1.0,0.0,0.0,"['Cough', 'Cough', 'Cough', 'Cough']"
1,Mabmp,1,0.0,1.0,0.0,0.0,['Cough']
1,Mabmp,2,0.0,1.0,0.0,0.0,['Cough']
1,Mabmp,3,0.0,1.0,0.0,0.0,[]
1,Mabmp,4,0.0,1.0,0.0,0.0,['Cough']
1,Mabmp,5,0.0,1.0,0.0,0.0,['Cough']
1,Mabmp,6,0.0,1.0,0.0,0.0,[]
1,Mabmp,7,0.0,1.0,0.0,0.0,[]
1,Mabmp,8,0.0,1.0,0.0,0.0,[]
1,Mabmp,9,0.0,1.0,0.0,0.0,[]
1,Mabmp,10,7.863242486671804e-06,0.9999921367575133,0.0,0.0,[]
1,Mabmp,11,0.0002639289440001813,0.9997245556365053,0.0,1.1515419494437987e-05,[]
1,Mabmp,12,0.008802270208988898,0.5647564033263842,0.0,0.42644132646462674,[]
1,Mabmp,13,0.06502788077498863,0.5036391582774027,0.0,0.4313329609476087,[]
1,Mabmp,14,0.13474566089869813,0.42686568845363265,0.0,0.4383886506476692,"['Fatigue', 'Fatigue', 'Fatigue']"
1,Mabmp,15,0.10167031681799056,0.3803830409387079,0.07033767295689729,0.44760896928640426,[]
1,Mabmp,16,0.06196057419354244,0.33742584894039124,0.14342398013014743,0.4571895967359188,[]
1,Mabmp,17,0.03534853167661145,0.3137648047975603,0.18787070203812245,0.46301596148770563,['Death']
1,Mabmp,18,0.010282743364788512,0.2875675268504626,0.23495521388554277,0.46719451589920585,['Cough']
1,Mabmp,19,0.0031700841112371507,0.27953804321167014,0.24884766105462117,0.4684442116224713,[]
2,Avyqull,0,0.0,1.0,0.0,0.0,"['Cough', 'Cough', 'Cough', 'Cough']"
2,Avyqull,1,0.0,1.0,0.0,0.0,['Cough']
2,Avyqull,2,0.0,1.0,0.0,0.0,['Cough']
2,Avyqull,3,0.0,1.0,0.0,0.0,[]
2,Avyqull,4,0.0,1.0,0.0,0.0,['Cough']
2,Avyqull,5,0.0,1.0,0.0,0.0,['Cough']
2,Avyqull,6,0.0,1.0,0.0,0.0,[]
2,Avyqull,7,0.0,1.0,0.0,0.0,[]
2,Avyqull,8,0.0,1.0,0.0,0.0,[]
2,Avyqull,9,0.0,1.0,0.0,0.0,[]
2,Avyqull,10,1.4597005862157554e-06,0.9999985402994138,0.0,0.0,[]
2,Avyqull,11,9.25156892303143e-05,0.9999047083478909,0.0,2.7759628788687818e-06,[]
2,Avyqull,12,0.005840351358319404,0.4075322954493025,0.0,0.5866273531923782,[]
2,Avyqull,13,0.034700860212782264,0.37632680771576665,0.0,0.5889723320714513,[]
2,Avyqull,14,0.13613919356087242,0.2646862053667362,0.0,0.5991746010723916,"['Fatigue', 'Fatigue', 'Fatigue']"
2,Avyqull,15,0.11105852649797546,0.2451199875114585,0.04041616157040526,0.6034053244201611,[]
2,Avyqull,16,0.03719663506408884,0.1991541163681326,0.14888908687788452,0.6147601616898944,[]
2,Avyqull,17,0.021503522693655876,0.19124426638869615,0.1702554406922844,0.6169967702253638,['Death']
2,Avyqull,18,0.004175718525760184,0.18093236308534474,0.1960660072827049,0.6188259111061903,['Cough']
2,Avyqull,19,0.0008714157992977642,0.1787574057002533,0.20117805127186353,0.6191931272285857,[]
3,Gsjna,0,0.0,1.0,0.0,0.0,"['Cough', 'Cough', 'Cough', 'Cough']"
3,Gsjna,1,0.0,1.0,0.0,0.0,['Cough']
3,Gsjna,2,0.0,1.0,0.0,0.0,['Cough']
3,Gsjna,3,0.0,1.0,0.0,0.0,[]
3,Gsjna,4,1.212332819304218e-06,0.9999987876671806,0.0,0.0,['Cough']
3,Gsjna,5,5.32512099057377e-05,0.9999444786774159,0.0,2.2701126784029528e-06,['Cough']
3,Gsjna,6,0.00233736027867649,0.9975605957749906,0.0,0.00010204394633290029,[]
3,Gsjna,7,0.09550439230278884,0.9001392185630359,0.0,0.004356389134175059,[]
3,Gsjna,8,0.1754237939119119,0.8161447091550363,0.0,0.008431496933051721,[]
3,Gsjna,9,0.49498509471563945,0.4745721546242612,0.0,0.03044275066009928,[]
3,Gsjna,10,0.5083301634835685,0.459917690537848,0.0,0.03175214597858326,[]
3,Gsjna,11,0.6608919299882619,0.1883853453023084,0.0,0.15072272470942966,[]
3,Gsjna,12,0.6651783006452239,0.07616332710362217,0.0,0.25865837225115385,[]
3,Gsjna,13,0.585187380267894,0.02933465583771478,0.0,0.38547796389439126,[]
3,Gsjna,14,0.5584706841076343,0.023090710359597227,0.0,0.41843860553276857,"['Fatigue', 'Fatigue', 'Fatigue']"
3,Gsjna,15,0.13655971083686969,0.017945241229734565,0.3623261020862107,0.4831689458471852,[]
3,Gsjna,16,0.12610304763821395,0.017571893241599558,0.3715145730920615,0.48481048602812526,[]
3,Gsjna,17,0.031742493860799414,0.014516657961345299,0.45416473271149127,0.4995761154663642,['Death']
3,Gsjna,18,0.009768640395148118,0.013773777098321456,0.4744303796460294,0.5020272028605012,['Cough']
3,Gsjna,19,0.001307207446675056,0.01346971830361987,0.48223861404597496,0.5029844602037303,[]
4,Puy,0,0.0,1.0,0.0,0.0,"['Cough', 'Cough', 'Cough', 'Cough']"
4,Puy,1,0.0,1.0,0.0,0.0,['Cough']
4,Puy,2,0.0,1.0,0.0,0.0,['Cough']
4,Puy,3,0.0,1.0,0.0,0.0,[]
4,Puy,4,0.0,1.0,0.0,0.0,['Cough']
4,Puy,5,0.0,1.0,0.0,0.0,['Cough']
4,Puy,6,0.0,1.0,0.0,0.0,[]
4,Puy,7,1.0012816404998398e-05,0.999989987183595,0.0,0.0,[]
4,Puy,8,0.00047244527805580846,0.9995082050001167,0.0,1.9349721827417578e-05,[]
4,Puy,9,0.0219446999964323,0.9771286835790018,0.0,0.0009266164245658398,[]
4,Puy,10,0.5609121652722904,0.40542415922562836,0.0,0.03366367550208147,[]
4,Puy,11,0.6893175034673557,0.1518406842407864,0.0,0.1588418122918582,[]
4,Puy,12,0.6905453442681129,0.07680019709334951,0.0,0.232654458638538,[]
4,Puy,13,0.6101817137650698,0.027787672709331024,0.0,0.3620306135255996,[]
4,Puy,14,0.58349186319298,0.021683006973729806,0.0,0.3948251298332908,"['Fatigue', 'Fatigue', 'Fatigue']"
4,Puy,15,0.27634106554305177,0.015387940781161727,0.22915837356265523,0.4791126201131318,[]
4,Puy,16,0.2600238784181952,0.014463478328208528,0.24176363919402277,0.483749004059574,[]
4,Puy,17,0.12516853137909895,0.008617745591209897,0.34462934686276725,0.5215843761669243,['Death']
4,Puy,18,0.09153461100054351,0.007373447137176779,0.3725540298376184,0.5285379120246617,['Cough']
4,Puy,19,0.032935610896462374,0.005459434876769464,0.42087154347436717,0.5407334107524013,[]
5,Cvddwf,0,0.0,1.0,0.0,0.0,"['Cough', 'Cough', 'Cough', 'Cough']"
5,Cvddwf,1,0.0,1.0,0.0,0.0,['Cough']
5,Cvddwf,2,0.0,1.0,0.0,0.0,['Cough']
5,Cvddwf,3,0.0,1.0,0.0,0.0,[]
5,Cvddwf,4,0.0,1.0,0.0,0.0,['Cough']
5,Cvddwf,5,0.0,1.0,0.0,0.0,['Cough']
5,Cvddwf,6,0.0,1.0,0.0,0.0,[]
5,Cvddwf,7,0.0,1.0,0.0,0.0,[]
5,Cvddwf,8,0.0,1.0,0.0,0.0,[]
5,Cvddwf,9,1.2999049769461852e-06,0.999998700095023,0.0,0.0,[]
5,Cvddwf,10,7.247253237634642e-05,0.9999253740486065,0.0,2.1534190171197656e-06,[]
5,Cvddwf,11,0.004029346296142201,0.995848574276184,0.0,0.0001220794276736804,[]
5,Cvddwf,12,0.1933879079841167,0.4081045889719387,0.0,0.39850750304394444,[]
5,Cvddwf,13,0.2036803919229417,0.39700331769546,0.0,0.3993162903815982,[]
5,Cvddwf,14,0.49631730094912885,0.04966583117490014,0.0,0.4540168678759709,"['Fatigue', 'Fatigue', 'Fatigue']"
5,Cvddwf,15,0.45738357355483056,0.04480562415045815,0.03816942349803687,0.45964137879667427,[]
5,Cvddwf,16,0.14419262199459465,0.019560424802049236,0.33313978737449534,0.5031071658288608,[]
5,Cvddwf,17,0.13025607244967138,0.018902743888027825,0.34585966217928193,0.504981521483019,['Death']
5,Cvddwf,18,0.022783766668286923,0.013768393882992008,0.4482516298990359,0.5151962095496853,['Cough']
5,Cvddwf,19,0.0085527135383983,0.013158695660922886,0.46172949997409374,0.5165590908265852,[]
6,Ssuqrktd,0,0.0,1.0,0.0,0.0,"['Cough', 'Cough', 'Cough', 'Cough']"
6,Ssuqrktd,1,0.0,1.0,0.0,0.0,['Cough']
6,Ssuqrktd,2,0.0,1.0,0.0,0.0,['Cough']
6,Ssuqrktd,3,0.0,1.0,0.0,0.0,[]
6,Ssuqrktd,4,0.0,1.0,0.0,0.0,['Cough']
6,Ssuqrktd,5,0.0,1.0,0.0,0.0,['Cough']
6,Ssuqrktd,6,0.0,1.0,0.0,0.0,[]
6,Ssuqrktd,7,0.0,1.0,0.0,0.0,[]
6,Ssuqrktd,8,0.0,1.0,0.0,0.0,[]
6,Ssuqrktd,9,3.2249637997813474e-06,0.9999967750362002,0.0,0.0,[]
6,Ssuqrktd,10,9.648438797297794e-05,0.9999000126618304,0.0,3.5029501965431035e-06,[]
6,Ssuqrktd,11,0.002880661410920335,0.9970111231954656,0.0,0.00010821539361405649,[]
6,Ssuqrktd,12,0.08095948731970828,0.39382965876842835,0.0,0.5252108539118634,[]
6,Ssuqrktd,13,0.11037270009540456,0.3613101799722564,0.0,0.5283171199323391,[]
6,Ssuqrktd,14,0.2845839280363813,0.15857334966973904,0.0,0.5568427222938799,"['Fatigue', 'Fatigue', 'Fatigue']"
6,Ssuqrktd,15,0.2447290297873583,0.14801781662882674,0.04576497061073091,0.5614881829730841,[]
6,Ssuqrktd,16,0.06462325299177832,0.10930719175905651,0.24441683561391805,0.5816527196352472,[]
6,Ssuqrktd,17,0.04696434122360813,0.10626449203705188,0.26321073634437614,0.5835604303949639,['Death']
6,Ssuqrktd,18,0.0049741727486387975,0.09808897461267689,0.3101506900169192,0.5867861626217652,['Cough']
6,Ssuqrktd,19,0.0005421394764163834,0.09717413435622693,0.31514937163838647,0.5871343545289702,[]
7,Wpb,0,0.0,1.0,0.0,0.0,"['Cough', 'Cough', 'Cough', 'Cough']"
7,Wpb,1,0.0,1.0,0.0,0.0,['Cough']
7,Wpb,2,0.0,1.0,0.0,0.0,['Cough']
7,Wpb,3,0.0,1.0,0.0,0.0,[]
7,Wpb,4,0.0,1.0,0.0,0.0,['Cough']
7,Wpb,5,0.0,1.0,0.0,0.0,['Cough']
7,Wpb,6,0.0,1.0,0.0,0.0,[]
7,Wpb,7,4.989820765638099e-06,0.9999950101792343,0.0,0.0,[]
7,Wpb,8,0.00014851205312041058,0.9998458300920888,0.0,5.657854790771711e-06,[]
7,Wpb,9,0.004406159114275538,0.9954200073757261,0.0,0.0001738335099981231,[]
7,Wpb,10,0.11930876279453323,0.8757128183515098,0.0,0.004978418853956695,[]
7,Wpb,11,0.17652728789016858,0.8158170803608369,0.0,0.007655631748994161,[]
7,Wpb,12,0.6370890971489505,0.16732684882015358,0.0,0.19558405403089565,[]
7,Wpb,13,0.6302689454930587,0.07213648029954009,0.0,0.29759457420740093,[]
7,Wpb,14,0.612337654797712,0.05401047473415017,0.0,0.3336518704681376,"['Fatigue', 'Fatigue', 'Fatigue']"
7,Wpb,15,0.2902619746569691,0.03968671390028628,0.2647386389255034,0.40531267251724107,[]
7,Wpb,16,0.27644208477890797,0.03785979402920531,0.2770523190687081,0.4086458021231784,[]
7,Wpb,17,0.13626357635545844,0.023523344332250007,0.39865204464469356,0.4415610346675977,['Death']
7,Wpb,18,0.10364035758546018,0.02064800059922601,0.4286528312761989,0.4470588105391146,['Cough']
7,Wpb,19,0.03737468400755761,0.015417593487294823,0.48894884694493884,0.45825887556020856,[]
8,Jyudawpc,0,0.0,1.0,0.0,0.0,"['Cough', 'Cough', 'Cough', 'Cough']"
8,Jyudawpc,1,0.0,1.0,0.0,0.0,['Cough']
8,Jyudawpc,2,0.0,1.0,0.0,0.0,['Cough']
8,Jyudawpc,3,0.0,1.0,0.0,0.0,[]
8,Jyudawpc,4,1.1888881755559835e-06,0.9999988111118244,0.0,0.0,['Cough']
8,Jyudawpc,5,0.00011180799481941284,0.9998853971331454,0.0,2.7948720349430497e-06,['Cough']
8,Jyudawpc,6,0.01045468460303679,0.9892799999264847,0.0,0.00026531547047845027,[]
8,Jyudawpc,7,0.5668809564693633,0.413158887760941,0.0,0.01996015576969576,[]
8,Jyudawpc,8,0.7667923910764438,0.11409944614567116,0.0,0.11910816277788511,[]
8,Jyudawpc,9,0.7705287571533664,0.09777110683827746,0.0,0.1317001360083564,[]
8,Jyudawpc,10,0.734452316444549,0.022928300590070443,0.0,0.242619382965381,[]
8,Jyudawpc,11,0.7065023759987565,0.01459584385835494,0.0,0.2789017801428891,[]
8,Jyudawpc,12,0.6198656944518086,0.00203368258340665,0.0,0.37810062296478514,[]
8,Jyudawpc,13,0.5881394566413413,0.001360058089604392,0.0,0.41050048526905486,[]
8,Jyudawpc,14,0.5088093791847603,0.00048689673567638354,0.0,0.4907037240795638,"['Fatigue', 'Fatigue', 'Fatigue']"
8,Jyudawpc,15,0.24108524838410558,0.0004145570651393792,0.24329880558415606,0.5152013889665993,[]
8,Jyudawpc,16,0.20430836704254607,0.0003852416782874558,0.27673802039666534,0.5185683708825014,[]
8,Jyudawpc,17,0.035945628191018826,0.00027376038520523865,0.4298004429923923,0.533980168431384,['Death']
8,Jyudawpc,18,0.015677185794904517,0.0002611834677172746,0.44878719091093466,0.5352744398264438,['Cough']
8,Jyudawpc,19,0.0011349914724672306,0.00025163306547844344,0.4623984531547279,0.5362149223073268,[]
9,Ooxl,0,0.0,1.0,0.0,0.0,"['Cough', 'Cough', 'Cough', 'Cough']"
9,Ooxl,1,0.0,1.0,0.0,0.0,['Cough']
9,Ooxl,2,0.0,1.0,0.0,0.0,['Cough']
9,Ooxl,3,0.0,1.0,0.0,0.0,[]
9,Ooxl,4,0.0,1.0,0.0,0.0,['Cough']
9,Ooxl,5,0.0,1.0,0.0,0.0,['Cough']
9,Ooxl,6,0.0,1.0,0.0,0.0,[]
9,Ooxl,7,4.54822482784969e-06,0.9999954517751721,0.0,0.0,[]
9,Ooxl,8,0.0002181349442907645,0.9997740468756346,0.0,7.818180074424363e-06,[]
9,Ooxl,9,0.01038572091948007,0.9892325928558838,0.0,0.00038168622463596847,[]
9,Ooxl,10,0.36095694676377793,0.6230222897905192,0.0,0.016020763445702954,[]
9,Ooxl,11,0.8532842814817398,0.008053260141668853,0.0,0.13866245837659144,[]
9,Ooxl,12,0.8374585113887842,0.0022298093808307655,0.0,0.16031167923038525,[]
9,Ooxl,13,0.7047820885523077,0.0006640857327275498,0.0,0.2945538257149649,[]
9,Ooxl,14,0.6771871430911578,0.0005231824761716661,0.0,0.32228967443267065,"['Fatigue', 'Fatigue', 'Fatigue']"
9,Ooxl,15,0.12278737246724857,0.0003939348123170544,0.4931807456634072,0.3836379470570272,[]
9,Ooxl,16,0.11622414577222147,0.0003896198053687611,0.499021711612776,0.38436452280963374,[]
9,Ooxl,17,0.02108830758198219,0.00033163240216814725,0.5836841194227173,0.3948959405931323,['Death']
9,Ooxl,18,0.003928889631713095,0.00032060483462653205,0.5995208817404748,0.3962296237931857,['Cough']
9,Ooxl,19,0.0003041859011218661,0.00031809138713984324,0.6028628244999383,0.39651489821180025,[]
10,Tmoub,0,1.4752569897676175e-06,0.9999985247430102,0.0,0.0,"['Cough', 'Cough', 'Cough', 'Cough']"
10,Tmoub,1,3.8430726321284214e-05,0.9999598544888982,0.0,1.7147847803606318e-06,['Cough']
10,Tmoub,2,0.0010345332838969674,0.9989180468253308,0.0,4.7419890772266077e-05,['Cough']
10,Tmoub,3,0.027564779850365,0.9711587935963321,0.0,0.0012764265533031483,[]
10,Tmoub,4,0.3366217281137473,0.6447226250418723,0.0,0.018655646844380824,['Cough']
10,Tmoub,5,0.8370411550743092,0.027324900745244164,0.0,0.1356339441804469,['Cough']
10,Tmoub,6,0.8319902106234113,0.02618582472827313,0.0,0.14182396464831587,[]
10,Tmoub,7,0.7094409528677197,0.00959534774750827,0.0,0.2809636993847724,[]
10,Tmoub,8,0.6823053208831404,0.007854385578740198,0.0,0.30984029353811965,[]
10,Tmoub,9,0.5734232859265485,0.0034966610938041384,0.0,0.42308005297964796,[]
10,Tmoub,10,0.5442131577346184,0.0028424964666237344,0.0,0.4529443457987583,[]
10,Tmoub,11,0.4554294230813418,0.0015008354727327213,0.0,0.5430697414459258,[]
10,Tmoub,12,0.4249102572004028,0.00042110087505162186,0.0,0.5746686419245459,[]
10,Tmoub,13,0.35494715024026263,7.284952960782681e-05,0.0,0.6449800002301298,[]
10,Tmoub,14,0.3225265858448782,3.367118162963958e-05,0.0,0.6774397429734924,"['Fatigue', 'Fatigue', 'Fatigue']"
10,Tmoub,15,0.1532853805469698,1.9730051850167717e-05,0.12678546463373777,0.7199094247674427,[]
10,Tmoub,16,0.1287831928219394,1.8294519229184298e-05,0.14514061261890518,0.7260579000399267,[]
10,Tmoub,17,0.061204683042462044,1.4831543072464915e-05,0.19576484471779987,0.7430156406966661,['Death']
10,Tmoub,18,0.02837096248807833,1.3090104296377165e-05,0.22253047020612227,0.7490854772015036,['Cough']
10,Tmoub,19,0.010064528400463773,1.212556719688873e-05,0.23741614045984763,0.7525072055724924,[]
11,Axlqasr,0,0.0,1.0,0.0,0.0,"['Cough', 'Cough', 'Cough', 'Cough']"
11,Axlqasr,1,0.0,1.0,0.0,0.0,['Cough']
11,Axlqasr,2,0.0,1.0,0.0,0.0,['Cough']
11,Axlqasr,3,0.0,1.0,0.0,0.0,[]
11,Axlqasr,4,0.0,1.0,0.0,0.0,['Cough']
11,Axlqasr,5,0.0,1.0,0.0,0.0,['Cough']
11,Axlqasr,6,0.0,1.0,0.0,0.0,[]
11,Axlqasr,7,1.0052029303675826e-06,0.9999989947970697,0.0,0.0,[]
11,Axlqasr,8,6.249995855271185e-05,0.9999352655293803,0.0,2.234512067059912e-06,[]
11,Axlqasr,9,0.0038756587662148916,0.9959833191813209,0.0,0.0001410220524641576,[]
11,Axlqasr,10,0.20518328638436356,0.7865967328976246,0.0,0.008219980718011796,[]
11,Axlqasr,11,0.22074542304371503,0.7703013887116078,0.0,0.008953188244677005,[]
11,Axlqasr,12,0.8632320255972658,0.006347685487379243,0.0,0.1304202889153548,[]
11,Axlqasr,13,0.8599563238628803,0.006162182498321348,0.0,0.13388149363879795,[]
11,Axlqasr,14,0.7169976833607101,0.001598100461944107,0.0,0.28140421617734535,"['Fatigue', 'Fatigue', 'Fatigue']"
11,Axlqasr,15,0.604309267824042,0.0014221406320197132,0.08752686519903306,0.3067417263449049,[]
11,Axlqasr,16,0.4568159553055071,0.0012204615356243731,0.20206504059462163,0.33989854256424656,[]
11,Axlqasr,17,0.3737143810681014,0.0009133533166389641,0.26674887446227824,0.35862339115298125,['Death']
11,Axlqasr,18,0.20958769632115617,0.0004477911792677512,0.40437006647226237,0.38559444602731363,['Cough']
11,Axlqasr,19,0.1613925126238749,0.00035766760334695485,0.44465311657851053,0.3935967031942675,[]
12,Rpfe,0,0.0,1.0,0.0,0.0,"['Cough', 'Cough', 'Cough', 'Cough']"
12,Rpfe,1,0.0,1.0,0.0,0.0,['Cough']
12,Rpfe,2,0.0,1.0,0.0,0.0,['Cough']
12,Rpfe,3,0.0,1.0,0.0,0.0,[]
12,Rpfe,4,0.0,1.0,0.0,0.0,['Cough']
12,Rpfe,5,0.0,1.0,0.0,0.0,['Cough']
12,Rpfe,6,0.0,1.0,0.0,0.0,[]
12,Rpfe,7,0.0,1.0,0.0,0.0,[]
12,Rpfe,8,1.0148400053989489e-06,0.9999989851599946,0.0,0.0,[]
12,Rpfe,9,4.03883019194963e-05,0.999958326238116,0.0,1.2854599644600082e-06,[]
12,Rpfe,10,0.0016055517789153285,0.9983420277021168,0.0,5.242051896797872e-05,[]
12,Rpfe,11,0.06106716674470918,0.9368837554254412,0.0,0.0020490778298496624,[]
12,Rpfe,12,0.19216285122800536,0.4564969262753501,0.0,0.3513402224966446,[]
12,Rpfe,13,0.2537090113933396,0.3900137548139831,0.0,0.35627723379267734,[]
12,Rpfe,14,0.4610641521722666,0.15479394669015448,0.0,0.38414190113757907,"['Fatigue', 'Fatigue', 'Fatigue']"
12,Rpfe,15,0.4133877537558213,0.137790472350778,0.057842803561429595,0.3909789703319714,[]
12,Rpfe,16,0.183513273945022,0.08140052895412032,0.31384727748372065,0.4212389196171372,[]
12,Rpfe,17,0.1607103255477502,0.07761063864661749,0.33762908594750746,0.42404994985812494,['Death']
12,Rpfe,18,0.024240224373558418,0.055248062333339225,0.4846933516714664,0.4358183616216361,['Cough']
12,Rpfe,19,0.011238167529026606,0.05337871306323398,0.4984490014857028,0.4369341179220368,[]
13,Pajwdvp,0,0.0,1.0,0.0,0.0,"['Cough', 'Cough', 'Cough', 'Cough']"
13,Pajwdvp,1,0.0,1.0,0.0,0.0,['Cough']
13,Pajwdvp,2,0.0,1.0,0.0,0.0,['Cough']
13,Pajwdvp,3,0.0,1.0,0.0,0.0,[]
13,Pajwdvp,4,0.0,1.0,0.0,0.0,['Cough']
13,Pajwdvp,5,0.0,1.0,0.0,0.0,['Cough']
13,Pajwdvp,6,0.0,1.0,0.0,0.0,[]
13,Pajwdvp,7,0.0,1.0,0.0,0.0,[]
13,Pajwdvp,8,0.0,1.0,0.0,0.0,[]
13,Pajwdvp,9,0.0,1.0,0.0,0.0,[]
13,Pajwdvp,10,0.0,1.0,0.0,0.0,[]
13,Pajwdvp,11,0.0,1.0,0.0,0.0,[]
13,Pajwdvp,12,0.0,0.36,0.0,0.64,[]
13,Pajwdvp,13,0.0,0.36,0.0,0.64,[]
13,Pajwdvp,14,0.0,0.36,0.0,0.64,"['Fatigue', 'Fatigue', 'Fatigue']"
13,Pajwdvp,15,0.0,0.36,0.0,0.64,[]
13,Pajwdvp,16,5.182501800919376e-06,0.35999481749819906,0.0,0.64,[]
13,Pajwdvp,17,4.9640585558366874e-06,0.35998990350036536,4.368087787210707e-06,0.6400007643532916,['Death']
13,Pajwdvp,18,6.031460659184988e-06,0.3599810613801095,1.1319322633769762e-05,0.6400015878365973,['Cough']
13,Pajwdvp,19,8.63072938896715e-06,0.35996824134055033,2.0444359764260794e-05,0.640002683570296,[]
14,Wyy,0,0.0,1.0,0.0,0.0,"['Cough', 'Cough', 'Cough', 'Cough']"
14,Wyy,1,0.0,1.0,0.0,0.0,['Cough']
14,Wyy,2,0.0,1.0,0.0,0.0,['Cough']
14,Wyy,3,0.0,1.0,0.0,0.0,[]
14,Wyy,4,0.0,1.0,0.0,0.0,['Cough']
14,Wyy,5,0.0,1.0,0.0,0.0,['Cough']
14,Wyy,6,0.0,1.0,0.0,0.0,[]
14,Wyy,7,0.0,1.0,0.0,0.0,[]
14,Wyy,8,7.921670521879654e-06,0.9999920783294781,0.0,0.0,[]
14,Wyy,9,0.0007389845579183008,0.9992407254009388,0.0,2.0290041142931263e-05,[]
14,Wyy,10,0.06592056769290465,0.9321988828471095,0.0,0.001880549459985766,[]
14,Wyy,11,0.21921285768443655,0.7739355528600258,0.0,0.006851589455537618,[]
14,Wyy,12,0.34925822052425365,0.27466601213954084,0.0,0.37607576733620557,[]
14,Wyy,13,0.4400524433581648,0.1714449990644138,0.0,0.38850255757742147,[]
14,Wyy,14,0.5265134760838098,0.0567186383750973,0.0,0.41676788554109295,"['Fatigue', 'Fatigue', 'Fatigue']"
14,Wyy,15,0.3579500258090487,0.047015612380552,0.14700193660595876,0.44803242520444053,[]
14,Wyy,16,0.3077533045612268,0.0382189862673596,0.19564897608541854,0.4583787330859951,[]
14,Wyy,17,0.15993104937708336,0.0211717791921079,0.3316034794026923,0.48729369202811657,['Death']
14,Wyy,18,0.11884674642730296,0.017542895343465113,0.3706889251349298,0.49292143309430225,['Cough']
14,Wyy,19,0.033017076805090737,0.011377717086271045,0.45096734110769965,0.5046378650009389,[]
15,Bob,0,0.0,1.0,0.0,0.0,"['Cough', 'Cough', 'Cough', 'Cough']"
15,Bob,1,0.0,1.0,0.0,0.0,['Cough']
15,Bob,2,0.0,1.0,0.0,0.0,['Cough']
15,Bob,3,0.0,1.0,0.0,0.0,[]
15,Bob,4,1.9084370091738566e-06,0.9999980915629908,0.0,0.0,['Cough']
15,Bob,5,0.00017789877305823403,0.9998172193437285,0.0,4.881883213287026e-06,['Cough']
15,Bob,6,0.016422195944359362,0.9831191092392395,0.0,0.00045869481640105467,[]
15,Bob,7,0.6922216280632372,0.27703833211674056,0.0,0.030740039820022158,[]
15,Bob,8,0.7829937292193484,0.06586681413770482,0.0,0.15113945664294673,[]
15,Bob,9,0.7736123431229404,0.0489768842583175,0.0,0.17741077261874205,[]
15,Bob,10,0.6926257276604364,0.01201714819898121,0.0,0.29535712414058235,[]
15,Bob,11,0.6634480759064868,0.00827879095503134,0.0,0.3282731331384819,[]
15,Bob,12,0.5702603467171287,0.0015507031507691583,0.0,0.4281889501321023,[]
15,Bob,13,0.5392917225050063,0.0010867218996236706,0.0,0.45962155559536993,[]
15,Bob,14,0.4599104927901293,0.000428079495362504,0.0,0.539661427714508,"['Fatigue', 'Fatigue', 'Fatigue']"
15,Bob,15,0.30932454758155264,0.0002413452827348222,0.1226750379408818,0.5677590691948305,[]
15,Bob,16,0.2514276489556626,0.0001944022598891918,0.16982060171269203,0.5785573470717561,[]
15,Bob,17,0.1306723111236557,0.0001231141550640816,0.2681302621761845,0.6010743125450956,['Death']
15,Bob,18,0.08449043268737653,0.00010004892452923723,0.30813241562858795,0.6072771027595062,['Cough']
15,Bob,19,0.023560144444982167,7.38405933309294e-05,0.3608094425735738,0.615556572388113,[]
16,Dtf,0,0.0,1.0,0.0,0.0,"['Cough', 'Cough', 'Cough', 'Cough']"
16,Dtf,1,0.0,1.0,0.0,0.0,['Cough']
16,Dtf,2,0.0,1.0,0.0,0.0,['Cough']
16,Dtf,3,0.0,1.0,0.0,0.0,[]
16,Dtf,4,1.191369717764514e-05,0.9999880863028223,0.0,0.0,['Cough']
16,Dtf,5,0.0003309631884002535,0.9996565552671786,0.0,1.2481544421160351e-05,['Cough']
16,Dtf,6,0.009141445304817395,0.9904998660916902,0.0,0.000358688603492299,[]
16,Dtf,7,0.2125370442784587,0.7782058677299903,0.0,0.0092570879915507,[]
16,Dtf,8,0.22911767535902625,0.760773129497107,0.0,0.010109195143866493,[]
16,Dtf,9,0.8519480120730772,0.049979506164178136,0.0,0.09807248176274438,[]
16,Dtf,10,0.75912518101664,0.017450234977240495,0.0,0.22342458400611936,[]
16,Dtf,11,0.730979285336747,0.013463845082973123,0.0,0.2555568695802796,[]
16,Dtf,12,0.6329375756038539,0.001728062180420117,0.0,0.3653343622157256,[]
16,Dtf,13,0.6020631018659198,0.0013428411319806933,0.0,0.3965940570020991,[]
16,Dtf,14,0.515960354581269,0.0006558486265844495,0.0,0.4833837967921461,"['Fatigue', 'Fatigue', 'Fatigue']"
16,Dtf,15,0.255125298398764,0.0005907915919137794,0.23652212047571278,0.507761789533609,[]
16,Dtf,16,0.213730241298451,0.0005590945280319619,0.2740780403199683,0.5116326238535484,[]
16,Dtf,17,0.03489364380185514,0.00043927690064874097,0.4363131204658398,0.5283539588316559,['Death']
16,Dtf,18,0.015283133496060308,0.000426115017801903,0.4546568131894767,0.5296339382966607,['Cough']
16,Dtf,19,0.0009848539991041479,0.00041580829633283407,0.46802022667994986,0.5305791110246127,[]
17,Rpvj,0,0.0,1.0,0.0,0.0,"['Cough', 'Cough', 'Cough', 'Cough']"
17,Rpvj,1,0.0,1.0,0.0,0.0,['Cough']
17,Rpvj,2,0.0,1.0,0.0,0.0,['Cough']
17,Rpvj,3,0.0,1.0,0.0,0.0,[]
17,Rpvj,4,1.2384038955232937e-06,0.9999987615961045,0.0,0.0,['Cough']
17,Rpvj,5,6.666181239685586e-05,0.9999306589384245,0.0,2.679249178632387e-06,['Cough']
17,Rpvj,6,0.003582875507159138,0.996270179381676,0.0,0.00014694511116484184,[]
17,Rpvj,7,0.16909339853035882,0.8234007057287112,0.0,0.0075058957409299,[]
17,Rpvj,8,0.2012361772638021,0.7896125313015737,0.0,0.009151291434624224,[]
17,Rpvj,9,0.8532339764791189,0.018936295448869676,0.0,0.12782972807201143,[]
17,Rpvj,10,0.8530874754698926,0.018911594869012286,0.0,0.1280009296610951,[]
17,Rpvj,11,0.7087642743670824,0.005238662032913885,0.0,0.28599706360000354,[]
17,Rpvj,12,0.6832051129117255,0.002263432166045689,0.0,0.3145314549222286,[]
17,Rpvj,13,0.5591358545967354,0.0008277696280704789,0.0,0.4400363757751936,[]
17,Rpvj,14,0.5310802138107684,0.0006659861266174062,0.0,0.46825380006261363,"['Fatigue', 'Fatigue', 'Fatigue']"
17,Rpvj,15,0.23276659022078736,0.000486143431297813,0.22257971404538265,0.5441675523025316,[]
17,Rpvj,16,0.21529594604782726,0.00045752012711850414,0.2356285154129226,0.5486180184121313,[]
17,Rpvj,17,0.09441769914305628,0.00029821945047048737,0.3258834314239714,0.5794006499825014,['Death']
17,Rpvj,18,0.06140235239423977,0.0002587937895221801,0.35273756914381466,0.5856012846724229,['Cough']
17,Rpvj,19,0.01946158335848231,0.00021205277642706344,0.3867618171170122,0.5935645467480779,[]
18,Bvkg,0,0.0,1.0,0.0,0.0,"['Cough', 'Cough', 'Cough', 'Cough']"
18,Bvkg,1,0.0,1.0,0.0,0.0,['Cough']
18,Bvkg,2,0.0,1.0,0.0,0.0,['Cough']
18,Bvkg,3,0.0,1.0,0.0,0.0,[]
18,Bvkg,4,0.0,1.0,0.0,0.0,['Cough']
18,Bvkg,5,0.0,1.0,0.0,0.0,['Cough']
18,Bvkg,6,3.6666568889149627e-06,0.9999963333431111,0.0,0.0,[]
18,Bvkg,7,0.00015428994132609978,0.9998402465788553,0.0,5.463479818686631e-06,[]
18,Bvkg,8,0.006462822478566541,0.9933022380890838,0.0,0.0002349394323496537,[]
18,Bvkg,9,0.22597224212411327,0.7648656767142371,0.0,0.00916208116164971,[]
18,Bvkg,10,0.23554710600268944,0.7548287865292601,0.0,0.009624107468050277,[]
18,Bvkg,11,0.8667949022460788,0.022944738319833024,0.0,0.11026035943408781,[]
18,Bvkg,12,0.8661829425768851,0.011625689193288229,0.0,0.12219136822982624,[]
18,Bvkg,13,0.7412553339102865,0.0034618493504572734,0.0,0.2552828167392559,[]
18,Bvkg,14,0.7134156709896486,0.002700950186435833,0.0,0.28388337882391546,"['Fatigue', 'Fatigue', 'Fatigue']"
18,Bvkg,15,0.34508498042726915,0.0017984306537950656,0.2823928785514531,0.3707237103674824,[]
18,Bvkg,16,0.33210123193240804,0.0017157238349791353,0.2923862210450593,0.37379682318755336,[]
18,Bvkg,17,0.16090058131862042,0.0009054241244192644,0.42394174226148257,0.4142522522954776,['Death']
18,Bvkg,18,0.12826873480093798,0.0007831122900788139,0.4510518700915015,0.4198962828174815,['Cough']
18,Bvkg,19,0.04642045832968693,0.0005213534428034115,0.5188539291352244,0.4342042590922851,[]
19,Ryex,0,0.0,1.0,0.0,0.0,"['Cough', 'Cough', 'Cough', 'Cough']"
19,Ryex,1,0.0,1.0,0.0,0.0,['Cough']
19,Ryex,2,0.0,1.0,0.0,0.0,['Cough']
19,Ryex,3,0.0,1.0,0.0,0.0,[]
19,Ryex,4,2.8307201068879914e-06,0.9999971692798931,0.0,0.0,['Cough']
19,Ryex,5,0.00014354245741324305,0.999850920870783,0.0,5.536671803652292e-06,['Cough']
19,Ryex,6,0.007248968755404808,0.9924649423803175,0.0,0.00028608886427752063,[]
19,Ryex,7,0.288190195557705,0.6986707179935936,0.0,0.013139086448701128,[]
19,Ryex,8,0.85020271579834,0.011224866605768111,0.0,0.1385724175958917,[]
19,Ryex,9,0.8417066193077654,0.010425051079916068,0.0,0.14786832961231824,[]
19,Ryex,10,0.7019355030423813,0.0030166959927139057,0.0,0.29504780096490435,[]
19,Ryex,11,0.675472845955662,0.002429110723533255,0.0,0.32209804332080433,[]
19,Ryex,12,0.5593300744797414,0.0003560273543967358,0.0,0.44031389816586136,[]
19,Ryex,13,0.5304274869530868,0.0002822417649102494,0.0,0.4692902712820024,[]
19,Ryex,14,0.43828587964099014,0.0001320754849618005,0.0,0.5615820448740474,"['Fatigue', 'Fatigue', 'Fatigue']"
19,Ryex,15,0.26684478510072884,9.112060139281018e-05,0.14569829420863506,0.5873658000892427,[]
19,Ryex,16,0.2059671863456503,7.999799268285683e-05,0.19743188888549007,0.5965209267761761,[]
19,Ryex,17,0.08181613197237819,6.121894505128659e-05,0.3029317530542579,0.6151908960283119,['Death']
19,Ryex,18,0.04093875973311118,5.518513387445965e-05,0.3394410894270659,0.6195649657059477,['Cough']
19,Ryex,19,0.005660238118932336,4.9989985646482406e-05,0.3709039750102636,0.6233857968851568,[]
