City id,City Name,turn,Infected,Healthy,Dead,Recovered,Actions
0,Hkblkg,0,0.0,1.0,0.0,0.0,"['Cough', 'Cough', 'Cough', 'Cough']"
0,Hkblkg,1,0.0,1.0,0.0,0.0,['Cough']
0,Hkblkg,2,0.0,1.0,0.0,0.0,['Cough']
0,Hkblkg,3,0.0,1.0,0.0,0.0,[]
0,Hkblkg,4,0.0,1.0,0.0,0.0,['Cough']
0,Hkblkg,5,0.0,1.0,0.0,0.0,['Cough']
0,Hkblkg,6,0.0,1.0,0.0,0.0,[]
0,Hkblkg,7,0.0,1.0,0.0,0.0,[]
0,Hkblkg,8,0.0,1.0,0.0,0.0,[]
0,Hkblkg,9,0.0,1.0,0.0,0.0,[]
0,Hkblkg,10,0.0,1.0,0.0,0.0,[]
0,Hkblkg,11,1.0110497628582782e-06,0.9999989889502371,0.0,0.0,[]
0,Hkblkg,12,0.00012722576544056454,0.5999214415534766,0.0,0.3999513326810833,[]
0,Hkblkg,13,0.0022416647009764323,0.5977012807737699,0.0,0.4000570545252542,[]
0,Hkblkg,14,0.0371610405597254,0.560974472043125,0.0,0.40186448739714997,[]
0,Hkblkg,15,0.30806573398165094,0.26923792046654443,0.0,0.422696345551805,[]
0,Hkblkg,16,0.48496159487510804,0.0337275837542429,0.0,0.4813108213706494,[]
0,Hkblkg,17,0.4471513269519317,0.002956009276656839,0.0,0.5498926637714119,"['Death', 'Fatigue', 'Fatigue', 'Fatigue']"
0,Hkblkg,18,0.14737514509365998,0.001400244699902816,0.26097870488325836,0.5902459053231798,[]
0,Hkblkg,19,0.0484737670996787,0.0010956310786808922,0.346899403019318,0.6035311988023229,['Fatigue']
1,Mabmp,0,0.0,1.0,0.0,0.0,"['Cough', 'Cough', 'Cough', 'Cough']"
1,Mabmp,1,0.0,1.0,0.0,0.0,['Cough']
1,Mabmp,2,0.0,1.0,0.0,0.0,['Cough']
1,Mabmp,3,0.0,1.0,0.0,0.0,[]
1,Mabmp,4,0.0,1.0,0.0,0.0,['Cough']
1,Mabmp,5,0.0,1.0,0.0,0.0,['Cough']
1,Mabmp,6,0.0,1.0,0.0,0.0,[]
1,Mabmp,7,0.0,1.0,0.0,0.0,[]
1,Mabmp,8,0.0,1.0,0.0,0.0,[]
1,Mabmp,9,0.0,1.0,0.0,0.0,[]
1,Mabmp,10,0.0,1.0,0.0,0.0,[]
1,Mabmp,11,0.0,1.0,0.0,0.0,[]
1,Mabmp,12,0.0,0.5700000000000001,0.0,0.43,[]
1,Mabmp,13,0.0,0.5700000000000001,0.0,0.43,[]
1,Mabmp,14,0.0,0.5700000000000001,0.0,0.43,[]
1,Mabmp,15,7.863242486671804e-06,0.5699921367575134,0.0,0.43,[]
1,Mabmp,16,7.77850298097727e-05,0.5699165049517696,0.0,0.43000571001842036,[]
1,Mabmp,17,0.0007685090337268633,0.5691693308198389,0.0,0.43006216014643484,"['Death', 'Fatigue', 'Fatigue', 'Fatigue']"
1,Mabmp,18,0.00027828888466445266,0.5685172405262864,0.001048503705895249,0.4301559668831548,[]
1,Mabmp,19,0.00010067375468652061,0.5682814084353233,0.0014279985675166428,0.43018991924247457,['Fatigue']
2,Avyqull,0,0.0,1.0,0.0,0.0,"['Cough', 'Cough', 'Cough', 'Cough']"
2,Avyqull,1,0.0,1.0,0.0,0.0,['Cough']
2,Avyqull,2,1.4597005862157554e-06,0.9999985402994138,0.0,0.0,['Cough']
2,Avyqull,3,0.0002183255490786916,0.99977506073091,0.0,6.613720011013973e-06,[]
2,Avyqull,4,0.03162441565186546,0.9673951396785909,0.0,0.0009804446695431859,['Cough']
2,Avyqull,5,0.787245602567764,0.15913545856727573,0.0,0.05361893886495981,['Cough']
2,Avyqull,6,0.799231917356912,0.08208869804783074,0.0,0.11867938459525684,[]
2,Avyqull,7,0.7362451989936908,0.023820400092574006,0.0,0.23993440091373483,[]
2,Avyqull,8,0.6438576186092975,0.007893618535953892,0.0,0.34824876285474815,[]
2,Avyqull,9,0.554805908939686,0.0030316782401270614,0.0,0.44216241282018665,[]
2,Avyqull,10,0.4757992741707251,0.001332849133349491,0.0,0.5228678766959252,[]
2,Avyqull,11,0.40779625581007556,0.00012492153900896952,0.0,0.5920788226509147,[]
2,Avyqull,12,0.3486800988235919,6.7786208932646945e-06,0.0,0.6513131225555139,[]
2,Avyqull,13,0.2980551922981279,1.2061958844274055e-06,0.0,0.7019436015059863,[]
2,Avyqull,14,0.25477705689877234,2.762869655083455e-07,0.0,0.7452226668142604,[]
2,Avyqull,15,0.2177824412281578,7.849281859886067e-08,0.0,0.7822174802790219,[]
2,Avyqull,16,0.1861594804096297,2.6797047710726864e-08,0.0,0.8138404927933207,[]
2,Avyqull,17,0.1591282859145837,1.0701135755557764e-08,0.0,0.8408717033842785,"['Death', 'Fatigue', 'Fatigue', 'Fatigue']"
2,Avyqull,18,0.013997408189122214,9.00807826920123e-09,0.13545353848323943,0.8505490443195586,[]
2,Avyqull,19,0.0012312546103059577,8.872790055271077e-09,0.1473684438453835,0.8514002926715191,['Fatigue']
3,Gsjna,0,0.0,1.0,0.0,0.0,"['Cough', 'Cough', 'Cough', 'Cough']"
3,Gsjna,1,0.0,1.0,0.0,0.0,['Cough']
3,Gsjna,2,0.0,1.0,0.0,0.0,['Cough']
3,Gsjna,3,0.0,1.0,0.0,0.0,[]
3,Gsjna,4,0.0,1.0,0.0,0.0,['Cough']
3,Gsjna,5,0.0,1.0,0.0,0.0,['Cough']
3,Gsjna,6,0.0,1.0,0.0,0.0,[]
3,Gsjna,7,0.0,1.0,0.0,0.0,[]
3,Gsjna,8,0.0,1.0,0.0,0.0,[]
3,Gsjna,9,0.0,1.0,0.0,0.0,[]
3,Gsjna,10,0.0,1.0,0.0,0.0,[]
3,Gsjna,11,0.0,1.0,0.0,0.0,[]
3,Gsjna,12,0.0,0.44999999999999996,0.0,0.55,[]
3,Gsjna,13,0.0,0.44999999999999996,0.0,0.55,[]
3,Gsjna,14,1.212332819304218e-06,0.4499987876671806,0.0,0.55,[]
3,Gsjna,15,8.437004866510885e-06,0.449990822958641,0.0,0.5500007400364927,[]
3,Gsjna,16,5.870907123566267e-05,0.4499354010357379,0.0,0.5500058898930268,[]
3,Gsjna,17,0.00040820435582201666,0.44955008439565103,0.0,0.5500417112485272,"['Death', 'Fatigue', 'Fatigue', 'Fatigue']"
3,Gsjna,18,0.00019665931484559964,0.44921326789566735,0.0004887658025445466,0.5501013069869425,[]
3,Gsjna,19,9.468495425820852e-05,0.44905114124924467,0.0007241644054772487,0.550130009391019,['Fatigue']
4,Puy,0,0.0,1.0,0.0,0.0,"['Cough', 'Cough', 'Cough', 'Cough']"
4,Puy,1,0.0,1.0,0.0,0.0,['Cough']
4,Puy,2,0.0,1.0,0.0,0.0,['Cough']
4,Puy,3,0.0,1.0,0.0,0.0,[]
4,Puy,4,0.0,1.0,0.0,0.0,['Cough']
4,Puy,5,0.0,1.0,0.0,0.0,['Cough']
4,Puy,6,0.0,1.0,0.0,0.0,[]
4,Puy,7,0.0,1.0,0.0,0.0,[]
4,Puy,8,0.0,1.0,0.0,0.0,[]
4,Puy,9,0.0,1.0,0.0,0.0,[]
4,Puy,10,0.0,1.0,0.0,0.0,[]
4,Puy,11,1.0012816404998398e-05,0.999989987183595,0.0,0.0,[]
4,Puy,12,0.00099052217577693,0.5794016934321884,0.0,0.419607784392035,[]
4,Puy,13,0.013187064721158255,0.5662858901325297,0.0,0.4205270451463123,[]
4,Puy,14,0.13559966536001472,0.4331295436527677,0.0,0.43127079098721727,[]
4,Puy,15,0.4052476577329123,0.10820438785080279,0.0,0.4865479544162844,[]
4,Puy,16,0.4164782580154286,0.013110035621635345,0.0,0.5704117063629357,[]
4,Puy,17,0.35185024770621703,0.0019501254642588376,0.0,0.6461996268295243,"['Death', 'Fatigue', 'Fatigue', 'Fatigue']"
4,Puy,18,0.1290819977273013,0.0010815113188313908,0.17876153957583085,0.6910749513780371,[]
4,Puy,19,0.04729907441357287,0.0008716677767915757,0.2443015090017562,0.7075277488078797,['Fatigue']
5,Cvddwf,0,0.0,1.0,0.0,0.0,"['Cough', 'Cough', 'Cough', 'Cough']"
5,Cvddwf,1,0.0,1.0,0.0,0.0,['Cough']
5,Cvddwf,2,0.0,1.0,0.0,0.0,['Cough']
5,Cvddwf,3,0.0,1.0,0.0,0.0,[]
5,Cvddwf,4,0.0,1.0,0.0,0.0,['Cough']
5,Cvddwf,5,0.0,1.0,0.0,0.0,['Cough']
5,Cvddwf,6,0.0,1.0,0.0,0.0,[]
5,Cvddwf,7,0.0,1.0,0.0,0.0,[]
5,Cvddwf,8,1.2999049769461852e-06,0.999998700095023,0.0,0.0,[]
5,Cvddwf,9,0.00016289298082795248,0.9998322175513159,0.0,4.8894678559061934e-06,[]
5,Cvddwf,10,0.020005650454765368,0.9793827486575648,0.0,0.0006116008876691772,[]
5,Cvddwf,11,0.6934700910544037,0.2683101566397528,0.0,0.038219752305842986,[]
5,Cvddwf,12,0.7405995800141949,0.09419255906188667,0.0,0.16520786092391762,[]
5,Cvddwf,13,0.6954718217198964,0.030937435554694692,0.0,0.2735907427254082,[]
5,Cvddwf,14,0.616714379807513,0.011260535214961188,0.0,0.3720250849775254,[]
5,Cvddwf,15,0.5369580610199263,0.004641341712086958,0.0,0.45840059726798665,[]
5,Cvddwf,16,0.4645146312193605,0.002152378561770885,0.0,0.5333329902188678,[]
5,Cvddwf,17,0.4016033345866762,0.00023087151349052303,0.0,0.5981657938998326,"['Death', 'Fatigue', 'Fatigue', 'Fatigue']"
5,Cvddwf,18,0.07428048811386806,0.00013487522149526637,0.2974989066061382,0.6280857300584982,[]
5,Cvddwf,19,0.013737384006854227,0.00012214450415288025,0.35252107483794315,0.6336193966510492,['Fatigue']
6,Ssuqrktd,0,0.0,1.0,0.0,0.0,"['Cough', 'Cough', 'Cough', 'Cough']"
6,Ssuqrktd,1,0.0,1.0,0.0,0.0,['Cough']
6,Ssuqrktd,2,0.0,1.0,0.0,0.0,['Cough']
6,Ssuqrktd,3,0.0,1.0,0.0,0.0,[]
6,Ssuqrktd,4,0.0,1.0,0.0,0.0,['Cough']
6,Ssuqrktd,5,0.0,1.0,0.0,0.0,['Cough']
6,Ssuqrktd,6,0.0,1.0,0.0,0.0,[]
6,Ssuqrktd,7,0.0,1.0,0.0,0.0,[]
6,Ssuqrktd,8,0.0,1.0,0.0,0.0,[]
6,Ssuqrktd,9,0.0,1.0,0.0,0.0,[]
6,Ssuqrktd,10,3.2249637997813474e-06,0.9999967750362002,0.0,0.0,[]
6,Ssuqrktd,11,0.00017044253708646014,0.9998232762493684,0.0,6.281213545596218e-06,[]
6,Ssuqrktd,12,0.008927943379572098,0.42601616060146286,0.0,0.5650558960189657,[]
6,Ssuqrktd,13,0.04274019702070597,0.3889064926759313,0.0,0.5683533103033634,[]
6,Ssuqrktd,14,0.15037290245717536,0.2677952809195711,0.0,0.5818318166232551,[]
6,Ssuqrktd,15,0.27877104264250274,0.1060109025576906,0.0,0.6152180547998084,[]
6,Ssuqrktd,16,0.3093022611043392,0.029646041626784858,0.0,0.6610516972688779,[]
6,Ssuqrktd,17,0.28507778844575465,0.008367643997483317,0.0,0.7065545675567638,"['Death', 'Fatigue', 'Fatigue', 'Fatigue']"
6,Ssuqrktd,18,0.025617944664092177,0.006540591905077478,0.2443580126303526,0.7234834508004799,[]
6,Ssuqrktd,19,0.0022986359970987072,0.006397728349984763,0.26630006126237915,0.7250035743905402,['Fatigue']
7,Wpb,0,0.0,1.0,0.0,0.0,"['Cough', 'Cough', 'Cough', 'Cough']"
7,Wpb,1,0.0,1.0,0.0,0.0,['Cough']
7,Wpb,2,0.0,1.0,0.0,0.0,['Cough']
7,Wpb,3,0.0,1.0,0.0,0.0,[]
7,Wpb,4,0.0,1.0,0.0,0.0,['Cough']
7,Wpb,5,0.0,1.0,0.0,0.0,['Cough']
7,Wpb,6,0.0,1.0,0.0,0.0,[]
7,Wpb,7,0.0,1.0,0.0,0.0,[]
7,Wpb,8,0.0,1.0,0.0,0.0,[]
7,Wpb,9,0.0,1.0,0.0,0.0,[]
7,Wpb,10,0.0,1.0,0.0,0.0,[]
7,Wpb,11,0.0,1.0,0.0,0.0,[]
7,Wpb,12,0.0,0.52,0.0,0.48,[]
7,Wpb,13,4.989820765638099e-06,0.5199950101792343,0.0,0.48,[]
7,Wpb,14,3.702367396733009e-05,0.5199604561807737,0.0,0.4800025201452592,[]
7,Wpb,15,0.00027458590457015146,0.5197041990348152,0.0,0.4800212150606148,[]
7,Wpb,16,0.00202967810984866,0.5178106843537659,0.0,0.4801596375363852,[]
7,Wpb,17,0.01464204399415129,0.5041873799246605,0.0,0.48117057608118846,"['Death', 'Fatigue', 'Fatigue', 'Fatigue']"
7,Wpb,18,0.015783840939741313,0.48713755394472436,0.013427397291650186,0.48365120782388415,[]
7,Wpb,19,0.016364564640530113,0.4697377142622805,0.027623810429471186,0.48627391066771836,['Fatigue']
8,Jyudawpc,0,0.0,1.0,0.0,0.0,"['Cough', 'Cough', 'Cough', 'Cough']"
8,Jyudawpc,1,0.0,1.0,0.0,0.0,['Cough']
8,Jyudawpc,2,0.0,1.0,0.0,0.0,['Cough']
8,Jyudawpc,3,0.0,1.0,0.0,0.0,[]
8,Jyudawpc,4,0.0,1.0,0.0,0.0,['Cough']
8,Jyudawpc,5,0.0,1.0,0.0,0.0,['Cough']
8,Jyudawpc,6,0.0,1.0,0.0,0.0,[]
8,Jyudawpc,7,0.0,1.0,0.0,0.0,[]
8,Jyudawpc,8,0.0,1.0,0.0,0.0,[]
8,Jyudawpc,9,0.0,1.0,0.0,0.0,[]
8,Jyudawpc,10,0.0,1.0,0.0,0.0,[]
8,Jyudawpc,11,1.1888881755559835e-06,0.9999988111118244,0.0,0.0,[]
8,Jyudawpc,12,0.00031959357091629695,0.48983945560577524,0.0,0.5098409508233079,[]
8,Jyudawpc,13,0.004752555068355875,0.4851704360531717,0.0,0.5100770088784721,[]
8,Jyudawpc,14,0.06220951718359942,0.4244192379166432,0.0,0.5133712448997577,[]
8,Jyudawpc,15,0.3121735498797926,0.14877612204191243,0.0,0.5390503280782954,[]
8,Jyudawpc,16,0.3906692946820401,0.01614568082055794,0.0,0.5931850244974023,[]
8,Jyudawpc,17,0.3508264568353897,0.001744375426382582,0.0,0.6474291677382288,"['Death', 'Fatigue', 'Fatigue', 'Fatigue']"
8,Jyudawpc,18,0.034040998072028004,0.0011270990144358881,0.29699301402459,0.6678388888889482,[]
8,Jyudawpc,19,0.0033007359313386446,0.0010804766647698099,0.32580023149285575,0.6698185559110377,['Fatigue']
9,Ooxl,0,4.54822482784969e-06,0.9999954517751721,0.0,0.0,"['Cough', 'Cough', 'Cough', 'Cough']"
9,Ooxl,1,0.00042704245153937814,0.9995572562447759,0.0,1.5701303684340913e-05,['Cough']
9,Ooxl,2,0.040559780306489615,0.957917873913991,0.0,0.0015223457795190732,['Cough']
9,Ooxl,3,0.7595409435973246,0.1807646172216901,0.0,0.05969443918098531,[]
9,Ooxl,4,0.7707785698230676,0.09978783566574277,0.0,0.12943359451118946,['Cough']
9,Ooxl,5,0.708514169493963,0.03316915055643113,0.0,0.2583166799496055,['Cough']
9,Ooxl,6,0.6146010079121368,0.012465853733019642,0.0,0.3729331383548434,[]
9,Ooxl,7,0.5233078305231754,0.00538508092797613,0.0,0.4713070885488479,[]
9,Ooxl,8,0.4426014201878863,0.002643434978734799,0.0,0.5547551448333786,[]
9,Ooxl,9,0.374282723801732,0.00035060737248637753,0.0,0.6253666688257812,[]
9,Ooxl,10,0.31503662116629405,6.401880996537669e-05,0.0,0.6848993600237404,[]
9,Ooxl,11,0.2649964632285728,1.5338757179793455e-05,0.0,0.7349881980142471,[]
9,Ooxl,12,0.22287751056954674,1.4778128688249654e-06,0.0,0.7771210116175835,[]
9,Ooxl,13,0.1874457317132546,5.389998898298897e-07,0.0,0.8125537292868549,[]
9,Ooxl,14,0.15764625783829772,2.3093558873783628e-07,0.0,0.8423535112261131,[]
9,Ooxl,15,0.13258407332953814,1.1327175782893352e-07,0.0,0.8674158133987032,[]
9,Ooxl,16,0.11150616511486464,6.224193829604622e-08,0.0,0.8884937726431964,[]
9,Ooxl,17,0.0937791572174283,3.762611802927078e-08,0.0,0.9062208051564531,"['Death', 'Fatigue', 'Fatigue', 'Fatigue']"
9,Ooxl,18,0.009554976825575205,3.4105999123097145e-08,0.07763320577606002,0.912811783292365,[]
9,Ooxl,19,0.0009735380921653427,3.3766578455413185e-08,0.08554310284424725,0.913483325297008,['Fatigue']
10,Tmoub,0,0.0,1.0,0.0,0.0,"['Cough', 'Cough', 'Cough', 'Cough']"
10,Tmoub,1,0.0,1.0,0.0,0.0,['Cough']
10,Tmoub,2,0.0,1.0,0.0,0.0,['Cough']
10,Tmoub,3,0.0,1.0,0.0,0.0,[]
10,Tmoub,4,0.0,1.0,0.0,0.0,['Cough']
10,Tmoub,5,0.0,1.0,0.0,0.0,['Cough']
10,Tmoub,6,0.0,1.0,0.0,0.0,[]
10,Tmoub,7,0.0,1.0,0.0,0.0,[]
10,Tmoub,8,1.4752569897676175e-06,0.9999985247430102,0.0,0.0,[]
10,Tmoub,9,6.90028883797952e-05,0.9999279108259184,0.0,3.086285701465727e-06,[]
10,Tmoub,10,0.0032170401143515365,0.9966357468863508,0.0,0.00014721299929804945,[]
10,Tmoub,11,0.13021286847399094,0.863375333672142,0.0,0.0064117978538673895,[]
10,Tmoub,12,0.7657794762453856,0.09023988035212095,0.0,0.14398064340249378,[]
10,Tmoub,13,0.6989584627823977,0.040379259809904894,0.0,0.2606622774076984,[]
10,Tmoub,14,0.6043943812791358,0.018040658861580402,0.0,0.37756495985928495,[]
10,Tmoub,15,0.5133026165227997,0.009054825543955604,0.0,0.4776425579332459,[]
10,Tmoub,16,0.4326583391028257,0.0050560777429046865,0.0,0.5622855831542707,[]
10,Tmoub,17,0.36527537066343313,0.0009722209007546372,0.0,0.6337524084358139,"['Death', 'Fatigue', 'Fatigue', 'Fatigue']"
10,Tmoub,18,0.13616918452013854,0.0005807658358796687,0.18679290515782698,0.6764571444861559,[]
10,Tmoub,19,0.050738157351237684,0.0004794586592484474,0.25640945168625295,0.6923729323032619,['Fatigue']
11,Axlqasr,0,0.0,1.0,0.0,0.0,"['Cough', 'Cough', 'Cough', 'Cough']"
11,Axlqasr,1,0.0,1.0,0.0,0.0,['Cough']
11,Axlqasr,2,0.0,1.0,0.0,0.0,['Cough']
11,Axlqasr,3,0.0,1.0,0.0,0.0,[]
11,Axlqasr,4,0.0,1.0,0.0,0.0,['Cough']
11,Axlqasr,5,0.0,1.0,0.0,0.0,['Cough']
11,Axlqasr,6,0.0,1.0,0.0,0.0,[]
11,Axlqasr,7,0.0,1.0,0.0,0.0,[]
11,Axlqasr,8,0.0,1.0,0.0,0.0,[]
11,Axlqasr,9,0.0,1.0,0.0,0.0,[]
11,Axlqasr,10,0.0,1.0,0.0,0.0,[]
11,Axlqasr,11,0.0,1.0,0.0,0.0,[]
11,Axlqasr,12,0.0,0.54,0.0,0.46,[]
11,Axlqasr,13,0.0,0.54,0.0,0.46,[]
11,Axlqasr,14,1.0052029303675826e-06,0.5399989947970696,0.0,0.46,[]
11,Axlqasr,15,1.4094713627622518e-05,0.5399849963692943,0.0,0.4600009089170776,[]
11,Axlqasr,16,0.0001975632199370709,0.5397887854522846,0.0,0.46001365132777816,[]
11,Axlqasr,17,0.0027556323606841016,0.537052540029083,0.0,0.46019182761023286,"['Death', 'Fatigue', 'Fatigue', 'Fatigue']"
11,Axlqasr,18,0.003992844434242888,0.5319800568856514,0.003202535026114305,0.46082456365399144,[]
11,Axlqasr,19,0.005686689046522284,0.5247762838988409,0.007803445441398253,0.4617335816132383,['Fatigue']
12,Rpfe,0,0.0,1.0,0.0,0.0,"['Cough', 'Cough', 'Cough', 'Cough']"
12,Rpfe,1,0.0,1.0,0.0,0.0,['Cough']
12,Rpfe,2,0.0,1.0,0.0,0.0,['Cough']
12,Rpfe,3,0.0,1.0,0.0,0.0,[]
12,Rpfe,4,0.0,1.0,0.0,0.0,['Cough']
12,Rpfe,5,0.0,1.0,0.0,0.0,['Cough']
12,Rpfe,6,0.0,1.0,0.0,0.0,[]
12,Rpfe,7,0.0,1.0,0.0,0.0,[]
12,Rpfe,8,0.0,1.0,0.0,0.0,[]
12,Rpfe,9,0.0,1.0,0.0,0.0,[]
12,Rpfe,10,0.0,1.0,0.0,0.0,[]
12,Rpfe,11,0.0,1.0,0.0,0.0,[]
12,Rpfe,12,0.0,0.5700000000000001,0.0,0.43,[]
12,Rpfe,13,0.0,0.5700000000000001,0.0,0.43,[]
12,Rpfe,14,1.0148400053989489e-06,0.5699989851599946,0.0,0.43,[]
12,Rpfe,15,1.171398959116796e-05,0.5699876577251648,0.0,0.43000062828524405,[]
12,Rpfe,16,0.0001351817588666928,0.5698569386237191,0.0,0.43000787961741394,[]
12,Rpfe,17,0.0015561376919335952,0.5683524036948748,0.0,0.4300914586131918,"['Death', 'Fatigue', 'Fatigue', 'Fatigue']"
12,Rpfe,18,0.0008629875721206132,0.566698580279361,0.002171770847446882,0.43026666130107183,[]
12,Rpfe,19,0.0004771013390683054,0.5657849069281164,0.003374317692229572,0.43036367404058606,['Fatigue']
13,Pajwdvp,0,0.0,1.0,0.0,0.0,"['Cough', 'Cough', 'Cough', 'Cough']"
13,Pajwdvp,1,0.0,1.0,0.0,0.0,['Cough']
13,Pajwdvp,2,0.0,1.0,0.0,0.0,['Cough']
13,Pajwdvp,3,0.0,1.0,0.0,0.0,[]
13,Pajwdvp,4,0.0,1.0,0.0,0.0,['Cough']
13,Pajwdvp,5,0.0,1.0,0.0,0.0,['Cough']
13,Pajwdvp,6,0.0,1.0,0.0,0.0,[]
13,Pajwdvp,7,0.0,1.0,0.0,0.0,[]
13,Pajwdvp,8,0.0,1.0,0.0,0.0,[]
13,Pajwdvp,9,0.0,1.0,0.0,0.0,[]
13,Pajwdvp,10,0.0,1.0,0.0,0.0,[]
13,Pajwdvp,11,0.0,1.0,0.0,0.0,[]
13,Pajwdvp,12,0.0,0.36,0.0,0.64,[]
13,Pajwdvp,13,0.0,0.36,0.0,0.64,[]
13,Pajwdvp,14,5.182501800919376e-06,0.35999481749819906,0.0,0.64,[]
13,Pajwdvp,15,2.6622626692084064e-05,0.3599714314204787,0.0,0.6400019459528294,[]
13,Pajwdvp,16,0.00013672159497731307,0.35985133747301506,0.0,0.6400119409320081,[]
13,Pajwdvp,17,0.0007011013212513968,0.3592356656230307,0.0,0.6400632330557191,"['Death', 'Fatigue', 'Fatigue', 'Fatigue']"
13,Pajwdvp,18,0.00043774828198292275,0.35869537801529505,0.0007179024507205487,0.6401489712520024,[]
13,Pajwdvp,19,0.00027299987956475686,0.35835864452806104,0.0011658826255851753,0.6402024729667908,['Fatigue']
14,Wyy,0,0.0,1.0,0.0,0.0,"['Cough', 'Cough', 'Cough', 'Cough']"
14,Wyy,1,0.0,1.0,0.0,0.0,['Cough']
14,Wyy,2,0.0,1.0,0.0,0.0,['Cough']
14,Wyy,3,0.0,1.0,0.0,0.0,[]
14,Wyy,4,0.0,1.0,0.0,0.0,['Cough']
14,Wyy,5,0.0,1.0,0.0,0.0,['Cough']
14,Wyy,6,0.0,1.0,0.0,0.0,[]
14,Wyy,7,0.0,1.0,0.0,0.0,[]
14,Wyy,8,0.0,1.0,0.0,0.0,[]
14,Wyy,9,0.0,1.0,0.0,0.0,[]
14,Wyy,10,0.0,1.0,0.0,0.0,[]
14,Wyy,11,7.921670521879654e-06,0.9999920783294781,0.0,0.0,[]
14,Wyy,12,0.0020980530055465523,0.4290728736157494,0.0,0.5688290733787041,[]
14,Wyy,13,0.02106601696739019,0.4087986056077439,0.0,0.570135377424866,[]
14,Wyy,14,0.14570374926311963,0.2733206180239215,0.0,0.5809756327129593,[]
14,Wyy,15,0.3159329162608296,0.06433234857927501,0.0,0.6197347351598953,[]
14,Wyy,16,0.31913284296551286,0.009234640751208622,0.0,0.6716325162832786,[]
14,Wyy,17,0.27905279558040175,0.0015492750264573985,0.0,0.71939792939314,"['Death', 'Fatigue', 'Fatigue', 'Fatigue']"
14,Wyy,18,0.07697179926696332,0.00093793235186957,0.1769997556478476,0.7450905127333182,[]
14,Wyy,19,0.021211243701323993,0.0008169687469149443,0.22579792576028548,0.7521738617914739,['Fatigue']
15,Bob,0,0.0,1.0,0.0,0.0,"['Cough', 'Cough', 'Cough', 'Cough']"
15,Bob,1,0.0,1.0,0.0,0.0,['Cough']
15,Bob,2,0.0,1.0,0.0,0.0,['Cough']
15,Bob,3,0.0,1.0,0.0,0.0,[]
15,Bob,4,0.0,1.0,0.0,0.0,['Cough']
15,Bob,5,0.0,1.0,0.0,0.0,['Cough']
15,Bob,6,0.0,1.0,0.0,0.0,[]
15,Bob,7,0.0,1.0,0.0,0.0,[]
15,Bob,8,0.0,1.0,0.0,0.0,[]
15,Bob,9,0.0,1.0,0.0,0.0,[]
15,Bob,10,0.0,1.0,0.0,0.0,[]
15,Bob,11,1.9084370091738566e-06,0.9999980915629908,0.0,0.0,[]
15,Bob,12,0.0005062511540150821,0.5996878511225213,0.0,0.399805897723464,[]
15,Bob,13,0.01375203616139622,0.5858101097327613,0.0,0.4004378541058427,[]
15,Bob,14,0.23018740225338585,0.3559786626866116,0.0,0.41383393506000266,[]
15,Bob,15,0.48205961623656185,0.05338839461490368,0.0,0.4645519891485349,[]
15,Bob,16,0.45603797681712144,0.003026485082944313,0.0,0.5409355380999347,[]
15,Bob,17,0.3913432280848654,0.00024074363465510437,0.0,0.6084160282804804,"['Death', 'Fatigue', 'Fatigue', 'Fatigue']"
15,Bob,18,0.11668457854424384,0.00011642271759157404,0.2376353620978086,0.645563636640357,[]
15,Bob,19,0.0347847828810463,9.38078851444285e-05,0.30848277178128375,0.6566386374525272,['Fatigue']
16,Dtf,0,0.0,1.0,0.0,0.0,"['Cough', 'Cough', 'Cough', 'Cough']"
16,Dtf,1,0.0,1.0,0.0,0.0,['Cough']
16,Dtf,2,0.0,1.0,0.0,0.0,['Cough']
16,Dtf,3,0.0,1.0,0.0,0.0,[]
16,Dtf,4,0.0,1.0,0.0,0.0,['Cough']
16,Dtf,5,0.0,1.0,0.0,0.0,['Cough']
16,Dtf,6,0.0,1.0,0.0,0.0,[]
16,Dtf,7,0.0,1.0,0.0,0.0,[]
16,Dtf,8,0.0,1.0,0.0,0.0,[]
16,Dtf,9,0.0,1.0,0.0,0.0,[]
16,Dtf,10,0.0,1.0,0.0,0.0,[]
16,Dtf,11,0.0,1.0,0.0,0.0,[]
16,Dtf,12,0.0,0.31000000000000005,0.0,0.69,[]
16,Dtf,13,0.0,0.31000000000000005,0.0,0.69,[]
16,Dtf,14,1.191369717764514e-05,0.3099880863028224,0.0,0.69,[]
16,Dtf,15,3.615727953044161e-05,0.30996049059311387,0.0,0.6900033521273555,[]
16,Dtf,16,0.00010971256819981045,0.30987676284637344,0.0,0.6900135245854269,[]
16,Dtf,17,0.0003326966540848648,0.30962292175926526,0.0,0.69004438158665,"['Death', 'Fatigue', 'Fatigue', 'Fatigue']"
16,Dtf,18,5.884177162151001e-05,0.3095142295625437,0.0003574054468469324,0.690069523218988,[]
16,Dtf,19,1.0405725529782115e-05,0.30949501103367555,0.0004206136502562921,0.6900739695905383,['Fatigue']
17,Rpvj,0,0.0,1.0,0.0,0.0,"['Cough', 'Cough', 'Cough', 'Cough']"
17,Rpvj,1,0.0,1.0,0.0,0.0,['Cough']
17,Rpvj,2,0.0,1.0,0.0,0.0,['Cough']
17,Rpvj,3,0.0,1.0,0.0,0.0,[]
17,Rpvj,4,0.0,1.0,0.0,0.0,['Cough']
17,Rpvj,5,0.0,1.0,0.0,0.0,['Cough']
17,Rpvj,6,0.0,1.0,0.0,0.0,[]
17,Rpvj,7,0.0,1.0,0.0,0.0,[]
17,Rpvj,8,1.2384038955232937e-06,0.9999987615961045,0.0,0.0,[]
17,Rpvj,9,0.00014783724146587974,0.9998461570794867,0.0,6.00567904829361e-06,[]
17,Rpvj,10,0.017337406807397433,0.9819458465804881,0.0,0.0007167466121146624,[]
17,Rpvj,11,0.6457635161233174,0.3084008950971743,0.0,0.04583558877950863,[]
17,Rpvj,12,0.6889039603757251,0.11793294523368643,0.0,0.19316309439058973,[]
17,Rpvj,13,0.6308339449009499,0.042350166892651614,0.0,0.32681588820639956,[]
17,Rpvj,14,0.5384317936805966,0.0172167448795638,0.0,0.4443514614398406,[]
17,Rpvj,15,0.4486118873889577,0.008073264891648585,0.0,0.5433148477193946,[]
17,Rpvj,16,0.3731867008266644,0.0009694413585708797,0.0,0.6258438578147651,[]
17,Rpvj,17,0.30597763071315665,0.0001695792905135872,0.0,0.6938527899963306,"['Death', 'Fatigue', 'Fatigue', 'Fatigue']"
17,Rpvj,18,0.1027612019569728,0.00010138750245318604,0.164899684058952,0.7322377264816228,[]
17,Rpvj,19,0.034508523599868564,8.533061132342465e-05,0.22027767007382565,0.7451284757149828,['Fatigue']
18,Bvkg,0,0.0,1.0,0.0,0.0,"['Cough', 'Cough', 'Cough', 'Cough']"
18,Bvkg,1,0.0,1.0,0.0,0.0,['Cough']
18,Bvkg,2,0.0,1.0,0.0,0.0,['Cough']
18,Bvkg,3,0.0,1.0,0.0,0.0,[]
18,Bvkg,4,0.0,1.0,0.0,0.0,['Cough']
18,Bvkg,5,0.0,1.0,0.0,0.0,['Cough']
18,Bvkg,6,0.0,1.0,0.0,0.0,[]
18,Bvkg,7,0.0,1.0,0.0,0.0,[]
18,Bvkg,8,0.0,1.0,0.0,0.0,[]
18,Bvkg,9,0.0,1.0,0.0,0.0,[]
18,Bvkg,10,3.6666568889149627e-06,0.9999963333431111,0.0,0.0,[]
18,Bvkg,11,0.00030921322593249165,0.9996797027881504,0.0,1.1083985917686832e-05,[]
18,Bvkg,12,0.025411084770045164,0.49656397886292025,0.0,0.4780249363670349,[]
18,Bvkg,13,0.1663815798232289,0.3426373861342252,0.0,0.4909810340425461,[]
18,Bvkg,14,0.37236294114605684,0.09031072570713058,0.0,0.5373263331468123,[]
18,Bvkg,15,0.38438808457906987,0.014249775386449252,0.0,0.6013621400344811,[]
18,Bvkg,16,0.33656878826500053,0.002565141817352977,0.0,0.660866069917646,[]
18,Bvkg,17,0.2872710113415547,0.0005863309288027284,0.0,0.7121426577296417,"['Death', 'Fatigue', 'Fatigue', 'Fatigue']"
18,Bvkg,18,0.10867367600667306,0.00036748347246648135,0.1477964613654951,0.7431623791553643,[]
18,Bvkg,19,0.041098334821834406,0.0003080433683388216,0.2036984562728003,0.7548951655370253,['Fatigue']
19,Ryex,0,0.0,1.0,0.0,0.0,"['Cough', 'Cough', 'Cough', 'Cough']"
19,Ryex,1,0.0,1.0,0.0,0.0,['Cough']
19,Ryex,2,0.0,1.0,0.0,0.0,['Cough']
19,Ryex,3,0.0,1.0,0.0,0.0,[]
19,Ryex,4,0.0,1.0,0.0,0.0,['Cough']
19,Ryex,5,0.0,1.0,0.0,0.0,['Cough']
19,Ryex,6,0.0,1.0,0.0,0.0,[]
19,Ryex,7,0.0,1.0,0.0,0.0,[]
19,Ryex,8,0.0,1.0,0.0,0.0,[]
19,Ryex,9,0.0,1.0,0.0,0.0,[]
19,Ryex,10,2.8307201068879914e-06,0.9999971692798931,0.0,0.0,[]
19,Ryex,11,0.00031048307599825886,0.9996774066813758,0.0,1.2110242625872797e-05,[]
19,Ryex,12,0.03291904752036601,0.3766473434609142,0.0,0.5904336090187194,[]
19,Ryex,13,0.13851894190451328,0.2565377808383056,0.0,0.6049432772571802,[]
19,Ryex,14,0.2657364429847528,0.08977744945634684,0.0,0.644486107558899,[]
19,Ryex,15,0.2805273749568524,0.021846559110815563,0.0,0.6976260659323313,[]
19,Ryex,16,0.2464480634755876,0.005756144179822172,0.0,0.7477957923445891,[]
19,Ryex,17,0.20740664149751184,0.001839142691323617,0.0,0.7907542158111632,"['Death', 'Fatigue', 'Fatigue', 'Fatigue']"
19,Ryex,18,0.034065665414716215,0.0014174216675584765,0.15503718508948633,0.8094797278282374,[]
19,Ryex,19,0.005592351564683681,0.0013581580304962387,0.18049495347480335,0.8125545369300153,['Fatigue']
