City id,City Name,turn,Infected,Healthy,Dead,Recovered,Actions
0,Hkblkg,0,0.0,1.0,0.0,0.0,['Cough']
0,Hkblkg,1,0.0,1.0,0.0,0.0,['Cough']
0,Hkblkg,2,0.0,1.0,0.0,0.0,['Fatigue']
0,Hkblkg,3,0.0,1.0,0.0,0.0,['Fatigue']
0,Hkblkg,4,0.0,1.0,0.0,0.0,[]
0,Hkblkg,5,0.0,1.0,0.0,0.0,['Cough']
0,Hkblkg,6,0.0,1.0,0.0,0.0,['Cough']
0,Hkblkg,7,0.0,1.0,0.0,0.0,['Fatigue']
0,Hkblkg,8,0.0,1.0,0.0,0.0,[]
0,Hkblkg,9,0.0,0.6,0.0,0.4,['Fatigue']
0,Hkblkg,10,0.0,0.6,0.0,0.4,[]
0,Hkblkg,11,0.0,0.6,0.0,0.4,['Cough']
0,Hkblkg,12,0.0,0.6,0.0,0.4,[]
0,Hkblkg,13,0.0,0.6,0.0,0.4,['Cough']
0,Hkblkg,14,0.0,0.6,0.0,0.4,[]
0,Hkblkg,15,0.0,0.6,0.0,0.4,[]
0,Hkblkg,16,0.0,0.6,0.0,0.4,['Fatigue']
0,Hkblkg,17,0.0,0.6,0.0,0.4,['Cough']
0,Hkblkg,18,0.0,0.6,0.0,0.4,[]
0,Hkblkg,19,0.0,0.6,0.0,0.4,[]
1,Mabmp,0,0.0,1.0,0.0,0.0,['Cough']
1,Mabmp,1,0.0,1.0,0.0,0.0,['Cough']
1,Mabmp,2,0.0,1.0,0.0,0.0,['Fatigue']
1,Mabmp,3,0.0,1.0,0.0,0.0,['Fatigue']
1,Mabmp,4,0.0,1.0,0.0,0.0,[]
1,Mabmp,5,0.0,1.0,0.0,0.0,['Cough']
1,Mabmp,6,0.0,1.0,0.0,0.0,['Cough']
1,Mabmp,7,0.0,1.0,0.0,0.0,['Fatigue']
1,Mabmp,8,0.0,1.0,0.0,0.0,[]
1,Mabmp,9,0.0,0.5700000000000001,0.0,0.43,['Fatigue']
1,Mabmp,10,0.0,0.5700000000000001,0.0,0.43,[]
1,Mabmp,11,0.0,0.5700000000000001,0.0,0.43,['Cough']
1,Mabmp,12,0.0,0.5700000000000001,0.0,0.43,[]
1,Mabmp,13,0.0,0.5700000000000001,0.0,0.43,['Cough']
1,Mabmp,14,0.0,0.5700000000000001,0.0,0.43,[]
1,Mabmp,15,0.0,0.5700000000000001,0.0,0.43,[]
1,Mabmp,16,0.0,0.5700000000000001,0.0,0.43,['Fatigue']
1,Mabmp,17,0.0,0.5700000000000001,0.0,0.43,['Cough']
1,Mabmp,18,0.0,0.5700000000000001,0.0,0.43,[]
1,Mabmp,19,0.0,0.5700000000000001,0.0,0.43,[]
2,Avyqull,0,0.0,1.0,0.0,0.0,['Cough']
2,Avyqull,1,0.0,1.0,0.0,0.0,['Cough']
2,Avyqull,2,0.0,1.0,0.0,0.0,['Fatigue']
2,Avyqull,3,0.0,1.0,0.0,0.0,['Fatigue']
2,Avyqull,4,0.0,1.0,0.0,0.0,[]
2,Avyqull,5,0.0,1.0,0.0,0.0,['Cough']
2,Avyqull,6,0.0,1.0,0.0,0.0,['Cough']
2,Avyqull,7,0.0,1.0,0.0,0.0,['Fatigue']
2,Avyqull,8,0.0,1.0,0.0,0.0,[]
2,Avyqull,9,0.0,0.41000000000000003,0.0,0.59,['Fatigue']
2,Avyqull,10,0.0,0.41000000000000003,0.0,0.59,[]
2,Avyqull,11,0.0,0.41000000000000003,0.0,0.59,['Cough']
2,Avyqull,12,0.0,0.41000000000000003,0.0,0.59,[]
2,Avyqull,13,0.0,0.41000000000000003,0.0,0.59,['Cough']
2,Avyqull,14,0.0,0.41000000000000003,0.0,0.59,[]
2,Avyqull,15,0.0,0.41000000000000003,0.0,0.59,[]
2,Avyqull,16,0.0,0.41000000000000003,0.0,0.59,['Fatigue']
2,Avyqull,17,0.0,0.41000000000000003,0.0,0.59,['Cough']
2,Avyqull,18,0.0,0.41000000000000003,0.0,0.59,[]
2,Avyqull,19,0.0,0.41000000000000003,0.0,0.59,[]
3,Gsjna,0,0.0,1.0,0.0,0.0,['Cough']
3,Gsjna,1,0.0,1.0,0.0,0.0,['Cough']
3,Gsjna,2,0.0,1.0,0.0,0.0,['Fatigue']
3,Gsjna,3,0.0,1.0,0.0,0.0,['Fatigue']
3,Gsjna,4,0.0,1.0,0.0,0.0,[]
3,Gsjna,5,0.0,1.0,0.0,0.0,['Cough']
3,Gsjna,6,0.0,1.0,0.0,0.0,['Cough']
3,Gsjna,7,0.0,1.0,0.0,0.0,['Fatigue']
3,Gsjna,8,0.0,1.0,0.0,0.0,[]
3,Gsjna,9,0.0,0.44999999999999996,0.0,0.55,['Fatigue']
3,Gsjna,10,0.0,0.44999999999999996,0.0,0.55,[]
3,Gsjna,11,0.0,0.44999999999999996,0.0,0.55,['Cough']
3,Gsjna,12,0.0,0.44999999999999996,0.0,0.55,[]
3,Gsjna,13,0.0,0.44999999999999996,0.0,0.55,['Cough']
3,Gsjna,14,0.0,0.44999999999999996,0.0,0.55,[]
3,Gsjna,15,0.0,0.44999999999999996,0.0,0.55,[]
3,Gsjna,16,0.0,0.44999999999999996,0.0,0.55,['Fatigue']
3,Gsjna,17,0.0,0.44999999999999996,0.0,0.55,['Cough']
3,Gsjna,18,0.0,0.44999999999999996,0.0,0.55,[]
3,Gsjna,19,0.0,0.44999999999999996,0.0,0.55,[]
4,Puy,0,1.0012816404998398e-05,0.999989987183595,0.0,0.0,['Cough']
4,Puy,1,0.0001110383690835718,0.9998808203307339,0.0,8.141300182762277e-06,['Cough']
4,Puy,2,0.0050119238689815306,0.9947318784897372,0.0,0.00025619764128213216,['Fatigue']
4,Puy,3,0.0033780407264724028,0.9947318784897372,0.0008190244343735366,0.0010710563494177247,['Fatigue']
4,Puy,4,0.00013079074766537762,0.9973937759403507,0.0012048845137687674,0.0012705487982162577,[]
4,Puy,5,5.052940547742672e-06,0.997496874313305,0.0012198082621821006,0.001278264483966633,['Cough']
4,Puy,6,0.00015730935522204683,0.99731952530365,0.001236346839763855,0.0012868185013657533,['Cough']
4,Puy,7,0.008260523146249437,0.9880567969068305,0.0020004566464443974,0.001682223300476957,['Fatigue']
4,Puy,8,0.00027479758314587454,0.9942891169459487,0.003283763376782452,0.0021523220941242088,[]
4,Puy,9,9.096735973522532e-06,0.5768080446608838,0.0033263515977508414,0.419856507005393,['Fatigue']
4,Puy,10,3.4572522563249766e-07,0.576814453879771,0.003328157862135744,0.4198570425328687,[]
4,Puy,11,1.3139324385089147e-08,0.5768146974652536,0.0033282265096905104,0.41985706288573205,['Cough']
4,Puy,12,7.938353800640309e-08,0.5768145997920477,0.003328250746430429,0.4198570700779846,[]
4,Puy,13,4.796090065799872e-07,0.576814009682913,0.003328397176865782,0.41985711353121546,['Cough']
4,Puy,14,3.20903847483516e-06,0.5768100551583104,0.003329341682229931,0.41985739412098516,[]
4,Puy,15,2.1470315730139945e-05,0.576783597058758,0.003335661144624417,0.4198592714808883,[]
4,Puy,16,0.00014359549296773653,0.5766066404613286,0.0033779342457582484,0.41987182979994675,['Fatigue']
4,Puy,17,4.933294586340266e-06,0.576705180057807,0.0034097935341466613,0.4198800931134612,['Cough']
4,Puy,18,3.0575303404999805e-05,0.5766661737740935,0.003420401834972963,0.41988284908752926,[]
4,Puy,19,0.00018939848185927123,0.5764245436897122,0.0034861323422760867,0.4198999254861531,[]
5,Cvddwf,0,0.0,1.0,0.0,0.0,['Cough']
5,Cvddwf,1,0.0,1.0,0.0,0.0,['Cough']
5,Cvddwf,2,0.0,1.0,0.0,0.0,['Fatigue']
5,Cvddwf,3,0.0,1.0,0.0,0.0,['Fatigue']
5,Cvddwf,4,0.0,1.0,0.0,0.0,[]
5,Cvddwf,5,0.0,1.0,0.0,0.0,['Cough']
5,Cvddwf,6,0.0,1.0,0.0,0.0,['Cough']
5,Cvddwf,7,0.0,1.0,0.0,0.0,['Fatigue']
5,Cvddwf,8,0.0,1.0,0.0,0.0,[]
5,Cvddwf,9,0.0,0.51,0.0,0.49,['Fatigue']
5,Cvddwf,10,0.0,0.51,0.0,0.49,[]
5,Cvddwf,11,0.0,0.51,0.0,0.49,['Cough']
5,Cvddwf,12,0.0,0.51,0.0,0.49,[]
5,Cvddwf,13,0.0,0.51,0.0,0.49,['Cough']
5,Cvddwf,14,0.0,0.51,0.0,0.49,[]
5,Cvddwf,15,0.0,0.51,0.0,0.49,[]
5,Cvddwf,16,0.0,0.51,0.0,0.49,['Fatigue']
5,Cvddwf,17,0.0,0.51,0.0,0.49,['Cough']
5,Cvddwf,18,0.0,0.51,0.0,0.49,[]
5,Cvddwf,19,0.0,0.51,0.0,0.49,[]
6,Ssuqrktd,0,0.0,1.0,0.0,0.0,['Cough']
6,Ssuqrktd,1,0.0,1.0,0.0,0.0,['Cough']
6,Ssuqrktd,2,0.0,1.0,0.0,0.0,['Fatigue']
6,Ssuqrktd,3,0.0,1.0,0.0,0.0,['Fatigue']
6,Ssuqrktd,4,0.0,1.0,0.0,0.0,[]
6,Ssuqrktd,5,0.0,1.0,0.0,0.0,['Cough']
6,Ssuqrktd,6,0.0,1.0,0.0,0.0,['Cough']
6,Ssuqrktd,7,0.0,1.0,0.0,0.0,['Fatigue']
6,Ssuqrktd,8,0.0,1.0,0.0,0.0,[]
6,Ssuqrktd,9,0.0,0.43000000000000005,0.0,0.57,['Fatigue']
6,Ssuqrktd,10,0.0,0.43000000000000005,0.0,0.57,[]
6,Ssuqrktd,11,0.0,0.43000000000000005,0.0,0.57,['Cough']
6,Ssuqrktd,12,0.0,0.43000000000000005,0.0,0.57,[]
6,Ssuqrktd,13,0.0,0.43000000000000005,0.0,0.57,['Cough']
6,Ssuqrktd,14,0.0,0.43000000000000005,0.0,0.57,[]
6,Ssuqrktd,15,0.0,0.43000000000000005,0.0,0.57,[]
6,Ssuqrktd,16,0.0,0.43000000000000005,0.0,0.57,['Fatigue']
6,Ssuqrktd,17,0.0,0.43000000000000005,0.0,0.57,['Cough']
6,Ssuqrktd,18,0.0,0.43000000000000005,0.0,0.57,[]
6,Ssuqrktd,19,0.0,0.43000000000000005,0.0,0.57,[]
7,Wpb,0,0.0,1.0,0.0,0.0,['Cough']
7,Wpb,1,0.0,1.0,0.0,0.0,['Cough']
7,Wpb,2,0.0,1.0,0.0,0.0,['Fatigue']
7,Wpb,3,0.0,1.0,0.0,0.0,['Fatigue']
7,Wpb,4,0.0,1.0,0.0,0.0,[]
7,Wpb,5,0.0,1.0,0.0,0.0,['Cough']
7,Wpb,6,0.0,1.0,0.0,0.0,['Cough']
7,Wpb,7,0.0,1.0,0.0,0.0,['Fatigue']
7,Wpb,8,0.0,1.0,0.0,0.0,[]
7,Wpb,9,0.0,0.52,0.0,0.48,['Fatigue']
7,Wpb,10,0.0,0.52,0.0,0.48,[]
7,Wpb,11,0.0,0.52,0.0,0.48,['Cough']
7,Wpb,12,0.0,0.52,0.0,0.48,[]
7,Wpb,13,0.0,0.52,0.0,0.48,['Cough']
7,Wpb,14,0.0,0.52,0.0,0.48,[]
7,Wpb,15,0.0,0.52,0.0,0.48,[]
7,Wpb,16,0.0,0.52,0.0,0.48,['Fatigue']
7,Wpb,17,0.0,0.52,0.0,0.48,['Cough']
7,Wpb,18,0.0,0.52,0.0,0.48,[]
7,Wpb,19,0.0,0.52,0.0,0.48,[]
8,Jyudawpc,0,0.0,1.0,0.0,0.0,['Cough']
8,Jyudawpc,1,0.0,1.0,0.0,0.0,['Cough']
8,Jyudawpc,2,0.0,1.0,0.0,0.0,['Fatigue']
8,Jyudawpc,3,0.0,1.0,0.0,0.0,['Fatigue']
8,Jyudawpc,4,0.0,1.0,0.0,0.0,[]
8,Jyudawpc,5,0.0,1.0,0.0,0.0,['Cough']
8,Jyudawpc,6,0.0,1.0,0.0,0.0,['Cough']
8,Jyudawpc,7,0.0,1.0,0.0,0.0,['Fatigue']
8,Jyudawpc,8,0.0,1.0,0.0,0.0,[]
8,Jyudawpc,9,0.0,0.49,0.0,0.51,['Fatigue']
8,Jyudawpc,10,0.0,0.49,0.0,0.51,[]
8,Jyudawpc,11,0.0,0.49,0.0,0.51,['Cough']
8,Jyudawpc,12,0.0,0.49,0.0,0.51,[]
8,Jyudawpc,13,0.0,0.49,0.0,0.51,['Cough']
8,Jyudawpc,14,0.0,0.49,0.0,0.51,[]
8,Jyudawpc,15,0.0,0.49,0.0,0.51,[]
8,Jyudawpc,16,0.0,0.49,0.0,0.51,['Fatigue']
8,Jyudawpc,17,0.0,0.49,0.0,0.51,['Cough']
8,Jyudawpc,18,0.0,0.49,0.0,0.51,[]
8,Jyudawpc,19,0.0,0.49,0.0,0.51,[]
9,Ooxl,0,0.0,1.0,0.0,0.0,['Cough']
9,Ooxl,1,0.0,1.0,0.0,0.0,['Cough']
9,Ooxl,2,0.0,1.0,0.0,0.0,['Fatigue']
9,Ooxl,3,0.0,1.0,0.0,0.0,['Fatigue']
9,Ooxl,4,0.0,1.0,0.0,0.0,[]
9,Ooxl,5,0.0,1.0,0.0,0.0,['Cough']
9,Ooxl,6,0.0,1.0,0.0,0.0,['Cough']
9,Ooxl,7,0.0,1.0,0.0,0.0,['Fatigue']
9,Ooxl,8,0.0,1.0,0.0,0.0,[]
9,Ooxl,9,0.0,0.31999999999999995,0.0,0.68,['Fatigue']
9,Ooxl,10,0.0,0.31999999999999995,0.0,0.68,[]
9,Ooxl,11,0.0,0.31999999999999995,0.0,0.68,['Cough']
9,Ooxl,12,0.0,0.31999999999999995,0.0,0.68,[]
9,Ooxl,13,0.0,0.31999999999999995,0.0,0.68,['Cough']
9,Ooxl,14,0.0,0.31999999999999995,0.0,0.68,[]
9,Ooxl,15,0.0,0.31999999999999995,0.0,0.68,[]
9,Ooxl,16,0.0,0.31999999999999995,0.0,0.68,['Fatigue']
9,Ooxl,17,0.0,0.31999999999999995,0.0,0.68,['Cough']
9,Ooxl,18,0.0,0.31999999999999995,0.0,0.68,[]
9,Ooxl,19,0.0,0.31999999999999995,0.0,0.68,[]
10,Tmoub,0,0.0,1.0,0.0,0.0,['Cough']
10,Tmoub,1,0.0,1.0,0.0,0.0,['Cough']
10,Tmoub,2,0.0,1.0,0.0,0.0,['Fatigue']
10,Tmoub,3,0.0,1.0,0.0,0.0,['Fatigue']
10,Tmoub,4,0.0,1.0,0.0,0.0,[]
10,Tmoub,5,0.0,1.0,0.0,0.0,['Cough']
10,Tmoub,6,0.0,1.0,0.0,0.0,['Cough']
10,Tmoub,7,0.0,1.0,0.0,0.0,['Fatigue']
10,Tmoub,8,0.0,1.0,0.0,0.0,[]
10,Tmoub,9,0.0,0.5900000000000001,0.0,0.41,['Fatigue']
10,Tmoub,10,0.0,0.5900000000000001,0.0,0.41,[]
10,Tmoub,11,0.0,0.5900000000000001,0.0,0.41,['Cough']
10,Tmoub,12,0.0,0.5900000000000001,0.0,0.41,[]
10,Tmoub,13,0.0,0.5900000000000001,0.0,0.41,['Cough']
10,Tmoub,14,0.0,0.5900000000000001,0.0,0.41,[]
10,Tmoub,15,0.0,0.5900000000000001,0.0,0.41,[]
10,Tmoub,16,0.0,0.5900000000000001,0.0,0.41,['Fatigue']
10,Tmoub,17,0.0,0.5900000000000001,0.0,0.41,['Cough']
10,Tmoub,18,0.0,0.5900000000000001,0.0,0.41,[]
10,Tmoub,19,0.0,0.5900000000000001,0.0,0.41,[]
11,Axlqasr,0,0.0,1.0,0.0,0.0,['Cough']
11,Axlqasr,1,0.0,1.0,0.0,0.0,['Cough']
11,Axlqasr,2,0.0,1.0,0.0,0.0,['Fatigue']
11,Axlqasr,3,0.0,1.0,0.0,0.0,['Fatigue']
11,Axlqasr,4,0.0,1.0,0.0,0.0,[]
11,Axlqasr,5,0.0,1.0,0.0,0.0,['Cough']
11,Axlqasr,6,0.0,1.0,0.0,0.0,['Cough']
11,Axlqasr,7,0.0,1.0,0.0,0.0,['Fatigue']
11,Axlqasr,8,0.0,1.0,0.0,0.0,[]
11,Axlqasr,9,0.0,0.54,0.0,0.46,['Fatigue']
11,Axlqasr,10,0.0,0.54,0.0,0.46,[]
11,Axlqasr,11,0.0,0.54,0.0,0.46,['Cough']
11,Axlqasr,12,0.0,0.54,0.0,0.46,[]
11,Axlqasr,13,0.0,0.54,0.0,0.46,['Cough']
11,Axlqasr,14,0.0,0.54,0.0,0.46,[]
11,Axlqasr,15,0.0,0.54,0.0,0.46,[]
11,Axlqasr,16,0.0,0.54,0.0,0.46,['Fatigue']
11,Axlqasr,17,0.0,0.54,0.0,0.46,['Cough']
11,Axlqasr,18,0.0,0.54,0.0,0.46,[]
11,Axlqasr,19,0.0,0.54,0.0,0.46,[]
12,Rpfe,0,0.0,1.0,0.0,0.0,['Cough']
12,Rpfe,1,0.0,1.0,0.0,0.0,['Cough']
12,Rpfe,2,0.0,1.0,0.0,0.0,['Fatigue']
12,Rpfe,3,0.0,1.0,0.0,0.0,['Fatigue']
12,Rpfe,4,0.0,1.0,0.0,0.0,[]
12,Rpfe,5,0.0,1.0,0.0,0.0,['Cough']
12,Rpfe,6,0.0,1.0,0.0,0.0,['Cough']
12,Rpfe,7,0.0,1.0,0.0,0.0,['Fatigue']
12,Rpfe,8,0.0,1.0,0.0,0.0,[]
12,Rpfe,9,0.0,0.5700000000000001,0.0,0.43,['Fatigue']
12,Rpfe,10,0.0,0.5700000000000001,0.0,0.43,[]
12,Rpfe,11,0.0,0.5700000000000001,0.0,0.43,['Cough']
12,Rpfe,12,0.0,0.5700000000000001,0.0,0.43,[]
12,Rpfe,13,0.0,0.5700000000000001,0.0,0.43,['Cough']
12,Rpfe,14,0.0,0.5700000000000001,0.0,0.43,[]
12,Rpfe,15,0.0,0.5700000000000001,0.0,0.43,[]
12,Rpfe,16,0.0,0.5700000000000001,0.0,0.43,['Fatigue']
12,Rpfe,17,0.0,0.5700000000000001,0.0,0.43,['Cough']
12,Rpfe,18,0.0,0.5700000000000001,0.0,0.43,[]
12,Rpfe,19,0.0,0.5700000000000001,0.0,0.43,[]
13,Pajwdvp,0,0.0,1.0,0.0,0.0,['Cough']
13,Pajwdvp,1,0.0,1.0,0.0,0.0,['Cough']
13,Pajwdvp,2,0.0,1.0,0.0,0.0,['Fatigue']
13,Pajwdvp,3,0.0,1.0,0.0,0.0,['Fatigue']
13,Pajwdvp,4,0.0,1.0,0.0,0.0,[]
13,Pajwdvp,5,0.0,1.0,0.0,0.0,['Cough']
13,Pajwdvp,6,0.0,1.0,0.0,0.0,['Cough']
13,Pajwdvp,7,0.0,1.0,0.0,0.0,['Fatigue']
13,Pajwdvp,8,0.0,1.0,0.0,0.0,[]
13,Pajwdvp,9,0.0,0.36,0.0,0.64,['Fatigue']
13,Pajwdvp,10,0.0,0.36,0.0,0.64,[]
13,Pajwdvp,11,0.0,0.36,0.0,0.64,['Cough']
13,Pajwdvp,12,0.0,0.36,0.0,0.64,[]
13,Pajwdvp,13,0.0,0.36,0.0,0.64,['Cough']
13,Pajwdvp,14,0.0,0.36,0.0,0.64,[]
13,Pajwdvp,15,0.0,0.36,0.0,0.64,[]
13,Pajwdvp,16,0.0,0.36,0.0,0.64,['Fatigue']
13,Pajwdvp,17,0.0,0.36,0.0,0.64,['Cough']
13,Pajwdvp,18,0.0,0.36,0.0,0.64,[]
13,Pajwdvp,19,0.0,0.36,0.0,0.64,[]
14,Wyy,0,0.0,1.0,0.0,0.0,['Cough']
14,Wyy,1,0.0,1.0,0.0,0.0,['Cough']
14,Wyy,2,0.0,1.0,0.0,0.0,['Fatigue']
14,Wyy,3,0.0,1.0,0.0,0.0,['Fatigue']
14,Wyy,4,0.0,1.0,0.0,0.0,[]
14,Wyy,5,0.0,1.0,0.0,0.0,['Cough']
14,Wyy,6,0.0,1.0,0.0,0.0,['Cough']
14,Wyy,7,0.0,1.0,0.0,0.0,['Fatigue']
14,Wyy,8,0.0,1.0,0.0,0.0,[]
14,Wyy,9,0.0,0.43000000000000005,0.0,0.57,['Fatigue']
14,Wyy,10,0.0,0.43000000000000005,0.0,0.57,[]
14,Wyy,11,0.0,0.43000000000000005,0.0,0.57,['Cough']
14,Wyy,12,0.0,0.43000000000000005,0.0,0.57,[]
14,Wyy,13,0.0,0.43000000000000005,0.0,0.57,['Cough']
14,Wyy,14,0.0,0.43000000000000005,0.0,0.57,[]
14,Wyy,15,0.0,0.43000000000000005,0.0,0.57,[]
14,Wyy,16,0.0,0.43000000000000005,0.0,0.57,['Fatigue']
14,Wyy,17,0.0,0.43000000000000005,0.0,0.57,['Cough']
14,Wyy,18,0.0,0.43000000000000005,0.0,0.57,[]
14,Wyy,19,0.0,0.43000000000000005,0.0,0.57,[]
15,Bob,0,0.0,1.0,0.0,0.0,['Cough']
15,Bob,1,0.0,1.0,0.0,0.0,['Cough']
15,Bob,2,0.0,1.0,0.0,0.0,['Fatigue']
15,Bob,3,0.0,1.0,0.0,0.0,['Fatigue']
15,Bob,4,0.0,1.0,0.0,0.0,[]
15,Bob,5,0.0,1.0,0.0,0.0,['Cough']
15,Bob,6,0.0,1.0,0.0,0.0,['Cough']
15,Bob,7,0.0,1.0,0.0,0.0,['Fatigue']
15,Bob,8,0.0,1.0,0.0,0.0,[]
15,Bob,9,0.0,0.6,0.0,0.4,['Fatigue']
15,Bob,10,0.0,0.6,0.0,0.4,[]
15,Bob,11,0.0,0.6,0.0,0.4,['Cough']
15,Bob,12,0.0,0.6,0.0,0.4,[]
15,Bob,13,0.0,0.6,0.0,0.4,['Cough']
15,Bob,14,0.0,0.6,0.0,0.4,[]
15,Bob,15,0.0,0.6,0.0,0.4,[]
15,Bob,16,0.0,0.6,0.0,0.4,['Fatigue']
15,Bob,17,0.0,0.6,0.0,0.4,['Cough']
15,Bob,18,0.0,0.6,0.0,0.4,[]
15,Bob,19,0.0,0.6,0.0,0.4,[]
16,Dtf,0,0.0,1.0,0.0,0.0,['Cough']
16,Dtf,1,0.0,1.0,0.0,0.0,['Cough']
16,Dtf,2,0.0,1.0,0.0,0.0,['Fatigue']
16,Dtf,3,0.0,1.0,0.0,0.0,['Fatigue']
16,Dtf,4,0.0,1.0,0.0,0.0,[]
16,Dtf,5,0.0,1.0,0.0,0.0,['Cough']
16,Dtf,6,0.0,1.0,0.0,0.0,['Cough']
16,Dtf,7,0.0,1.0,0.0,0.0,['Fatigue']
16,Dtf,8,0.0,1.0,0.0,0.0,[]
16,Dtf,9,0.0,0.31000000000000005,0.0,0.69,['Fatigue']
16,Dtf,10,0.0,0.31000000000000005,0.0,0.69,[]
16,Dtf,11,0.0,0.31000000000000005,0.0,0.69,['Cough']
16,Dtf,12,0.0,0.31000000000000005,0.0,0.69,[]
16,Dtf,13,0.0,0.31000000000000005,0.0,0.69,['Cough']
16,Dtf,14,0.0,0.31000000000000005,0.0,0.69,[]
16,Dtf,15,0.0,0.31000000000000005,0.0,0.69,[]
16,Dtf,16,0.0,0.31000000000000005,0.0,0.69,['Fatigue']
16,Dtf,17,0.0,0.31000000000000005,0.0,0.69,['Cough']
16,Dtf,18,0.0,0.31000000000000005,0.0,0.69,[]
16,Dtf,19,0.0,0.31000000000000005,0.0,0.69,[]
17,Rpvj,0,0.0,1.0,0.0,0.0,['Cough']
17,Rpvj,1,0.0,1.0,0.0,0.0,['Cough']
17,Rpvj,2,0.0,1.0,0.0,0.0,['Fatigue']
17,Rpvj,3,0.0,1.0,0.0,0.0,['Fatigue']
17,Rpvj,4,0.0,1.0,0.0,0.0,[]
17,Rpvj,5,0.0,1.0,0.0,0.0,['Cough']
17,Rpvj,6,0.0,1.0,0.0,0.0,['Cough']
17,Rpvj,7,0.0,1.0,0.0,0.0,['Fatigue']
17,Rpvj,8,0.0,1.0,0.0,0.0,[]
17,Rpvj,9,0.0,0.53,0.0,0.47,['Fatigue']
17,Rpvj,10,0.0,0.53,0.0,0.47,[]
17,Rpvj,11,0.0,0.53,0.0,0.47,['Cough']
17,Rpvj,12,0.0,0.53,0.0,0.47,[]
17,Rpvj,13,0.0,0.53,0.0,0.47,['Cough']
17,Rpvj,14,0.0,0.53,0.0,0.47,[]
17,Rpvj,15,0.0,0.53,0.0,0.47,[]
17,Rpvj,16,0.0,0.53,0.0,0.47,['Fatigue']
17,Rpvj,17,0.0,0.53,0.0,0.47,['Cough']
17,Rpvj,18,0.0,0.53,0.0,0.47,[]
17,Rpvj,19,0.0,0.53,0.0,0.47,[]
18,Bvkg,0,0.0,1.0,0.0,0.0,['Cough']
18,Bvkg,1,0.0,1.0,0.0,0.0,['Cough']
18,Bvkg,2,0.0,1.0,0.0,0.0,['Fatigue']
18,Bvkg,3,0.0,1.0,0.0,0.0,['Fatigue']
18,Bvkg,4,0.0,1.0,0.0,0.0,[]
18,Bvkg,5,0.0,1.0,0.0,0.0,['Cough']
18,Bvkg,6,0.0,1.0,0.0,0.0,['Cough']
18,Bvkg,7,0.0,1.0,0.0,0.0,['Fatigue']
18,Bvkg,8,0.0,1.0,0.0,0.0,[]
18,Bvkg,9,0.0,0.51,0.0,0.49,['Fatigue']
18,Bvkg,10,0.0,0.51,0.0,0.49,[]
18,Bvkg,11,0.0,0.51,0.0,0.49,['Cough']
18,Bvkg,12,0.0,0.51,0.0,0.49,[]
18,Bvkg,13,0.0,0.51,0.0,0.49,['Cough']
18,Bvkg,14,0.0,0.51,0.0,0.49,[]
18,Bvkg,15,0.0,0.51,0.0,0.49,[]
18,Bvkg,16,0.0,0.51,0.0,0.49,['Fatigue']
18,Bvkg,17,0.0,0.51,0.0,0.49,['Cough']
18,Bvkg,18,0.0,0.51,0.0,0.49,[]
18,Bvkg,19,0.0,0.51,0.0,0.49,[]
19,Ryex,0,0.0,1.0,0.0,0.0,['Cough']
19,Ryex,1,0.0,1.0,0.0,0.0,['Cough']
19,Ryex,2,0.0,1.0,0.0,0.0,['Fatigue']
19,Ryex,3,0.0,1.0,0.0,0.0,['Fatigue']
19,Ryex,4,0.0,1.0,0.0,0.0,[]
19,Ryex,5,0.0,1.0,0.0,0.0,['Cough']
19,Ryex,6,0.0,1.0,0.0,0.0,['Cough']
19,Ryex,7,0.0,1.0,0.0,0.0,['Fatigue']
19,Ryex,8,0.0,1.0,0.0,0.0,[]
19,Ryex,9,0.0,0.39,0.0,0.61,['Fatigue']
19,Ryex,10,0.0,0.39,0.0,0.61,[]
19,Ryex,11,0.0,0.39,0.0,0.61,['Cough']
19,Ryex,12,0.0,0.39,0.0,0.61,[]
19,Ryex,13,0.0,0.39,0.0,0.61,['Cough']
19,Ryex,14,0.0,0.39,0.0,0.61,[]
19,Ryex,15,0.0,0.39,0.0,0.61,[]
19,Ryex,16,0.0,0.39,0.0,0.61,['Fatigue']
19,Ryex,17,0.0,0.39,0.0,0.61,['Cough']
19,Ryex,18,0.0,0.39,0.0,0.61,[]
19,Ryex,19,0.0,0.39,0.0,0.61,[]
